Date,State,Cases_Total,Cases_White,Cases_Black,Cases_LatinX,Cases_Asian,Cases_AIAN,Cases_NHPI,Cases_Multiracial,Cases_Other,Cases_Unknown,Cases_Ethnicity_Hispanic,Cases_Ethnicity_NonHispanic,Cases_Ethnicity_Unknown,Deaths_Total,Deaths_White,Deaths_Black,Deaths_LatinX,Deaths_Asian,Deaths_AIAN,Deaths_NHPI,Deaths_Multiracial,Deaths_Other,Deaths_Unknown,Deaths_Ethnicity_Hispanic,Deaths_Ethnicity_NonHispanic,Deaths_Ethnicity_Unknown
20201018,AK,12016,4072,493,,548,2519,526,522,452,2884,964,6654,4398,67,25,3,,7,24,7,0,0,1,1,61,5
20201018,AL,172626,53458,36048,,575,,,,13879,68678,8015,72793,91816,2788,1454,1006,,7,,,,67,253,71,2216,500
20201018,AR,99066,58151,20110,,1089,272,2377,739,6043,10285,16246,82819,1,1704,1085,321,,18,2,45,8,76,149,90,1614,1
20201018,AS,,,,,,,,,,,,,,,,,,,,,,,,,,
20201018,AZ,231149,60107,7158,71227,2527,13632,,,7805,68693,71227,91229,68693,5827,2467,180,1761,66,616,,,98,639,1761,3427,639
20201018,CA,867317,106404,25928,373742,33970,1734,3276,6846,59251,256166,373742,237409,256166,16943,5032,1258,8128,1963,53,79,128,88,214,8128,8601,214
20201018,CO,85302,32414,3241,31374,1543,503,315,1177,639,14100,31374,39832,14096,2042,1277,125,475,63,13,6,32,10,37,475,1525,42
20201018,CT,62830,21505,7767,12235,914,69,,517,846,18977,12235,31618,18977,4542,3320,668,404,49,2,,36,21,42,404,4096,42
20201018,DC,16370,3670,8179,,269,38,45,,4083,86,4094,10895,1381,641,67,479,81,8,,,,0,6,81,554,6
20201018,DE,23093,8910,6045,5059,315,,,,1075,1689,5059,16345,1689,665,431,172,49,1,,,,12,0,49,616,0
20201018,FL,755020,203972,109088,217409,,,,,50569,173982,217409,320328,217283,16168,7845,2910,4105,,,,,643,665,4105,10646,1417
20201018,GA,340558,113174,90556,43719,5675,182,315,,9110,77827,43719,185407,111432,7638,3852,3055,453,135,9,7,,20,107,453,7081,104
20201018,GU,3675,274,,,899,,1805,,234,463,,,,66,,,,,,,,,66,,,66
20201018,HI,14031,1243,195,,3012,,3610,,323,5648,,,,187,17,5,,104,,50,,5,6,,,
20201018,IA,108841,78206,5356,,3213,888,824,,1071,19283,12855,74992,19283,1530,1240,54,,27,5,13,,7,180,75,1254,199
20201018,ID,53092,28456,435,,389,824,137,0,5128,17723,8403,20805,23883,528,496,4,,3,9,,,9,14,64,458,6
20201018,IL,347635,107425,43859,83842,7396,429,547,,12166,91971,83842,171822,91971,9474,4531,2277,1806,392,12,9,,48,399,1806,7269,139
20201018,IN,147582,83581,12993,,1748,,,,20261,28999,12130,57679,77773,3937,2460,462,,21,,,,499,495,97,1851,1989
20201018,KS,70855,47824,4699,,1627,536,,,4162,12007,16358,38237,16260,859,620,95,,17,11,,,60,56,108,664,87
20201018,KY,87607,55230,7991,,516,220,96,4043,,19511,6640,61325,19642,1317,1027,151,,12,0,,36,,91,40,1139,138
20201018,LA,178869,68820,62345,,8891,458,195,,15450,22710,,,178869,5750,2908,2503,,37,6,7,,27,262,153,5245,352
20201018,MA,143660,45672,13084,34183,3295,,,,9737,37689,34183,71788,37689,9737,7368,773,667,240,,,,633,56,667,9014,56
20201018,MD,135657,35417,42282,28794,2602,,,,6299,20263,28794,86600,20263,4037,1732,1646,460,150,,,,43,6,460,3571,6
20201018,ME,5939,4110,991,,123,14,4,32,157,508,224,4816,899,146,128,4,,0,0,0,0,0,14,1,119,26
20201018,MI,159119,82741,28848,,3049,774,,9985,9788,23934,11448,101605,46066,7317,4032,2722,,90,24,,103,150,196,209,6008,1100
20201018,MN,122812,64935,18174,17257,6228,1070,155,1450,1899,11644,17257,93911,11644,2234,1751,203,100,105,42,2,12,6,13,100,2121,13
20201018,MO,156696,78285,18678,,1316,329,282,439,3808,53825,8367,80197,68132,2582,1342,484,,21,2,1,2,43,687,70,1650,861
20201018,MP,86,,,,,,,,,86,,,,2,,,,,,,,,2,,,
20201018,MS,110006,41438,41671,3153,405,1336,,,6118,15885,3153,68488,38365,3171,1467,1450,40,7,88,,,41,78,40,2658,473
20201018,MT,22821,9533,94,,58,3065,,,441,9630,496,10818,11507,241,92,,,,53,,,,96,,,
20201018,NC,246028,116228,44769,,3682,3287,344,,28541,49177,51456,112352,82220,3934,2269,1130,,49,50,7,,237,192,312,3155,467
20201018,ND,31978,18388,1505,,423,1553,,462,69,9578,,,31978,301,,,,,,,,,301,,,301
20201018,NE,58608,34900,2600,,1600,523,87,,2100,16798,13100,26600,18908,548,428,37,,18,13,0,,15,37,103,362,83
20201018,NH,9694,6293,402,1141,275,,,,285,1298,1141,7255,1298,467,419,9,13,4,,,,1,21,13,433,21
20201018,NJ,220013,54987,22085,41207,7047,,,,17089,77598,41207,101208,77598,16211,8651,2885,3192,875,,,,305,303,3192,12716,303
20201018,NM,36788,5433,643,16911,290,9285,,,,4226,16911,15651,4226,934,223,10,233,4,445,,,,19,233,682,19
20201018,NV,90261,19955,5558,30254,5083,353,,,6807,22251,30254,37756,22251,1710,606,142,287,144,8,,,5,518,287,905,518
20201018,NY,484281,,,,,,,,,484281,,,,28960,8899,6480,6863,1721,,,,1865,3132,6863,18965,3132
20201018,OH,181787,105451,32448,,4161,218,225,5645,11326,22313,10325,129671,41791,5067,3926,886,,50,4,3,75,36,87,109,4810,148
20201018,OK,107299,62043,7434,,3161,10476,,,4235,19950,16553,65288,25458,1171,839,76,,25,110,,,36,85,71,935,165
20201018,OR,39532,16794,1290,,1093,948,634,762,12708,5303,14508,19682,5342,620,416,13,,19,12,7,11,68,74,81,430,109
20201018,PA,182212,72892,22587,,3485,,,,1811,81437,14448,48626,119138,8492,6187,1707,,169,,,,394,35,485,7972,35
20201018,PR,57293,,,,,,,,,57293,,,,766,,,,,,,,,766,,,
20201018,RI,27691,8577,2650,9600,406,81,0,194,343,5840,9600,12251,5840,1152,750,57,108,13,1,0,0,0,223,108,821,223
20201018,SC,163990,66265,41722,,1573,,,,11496,42934,12453,88604,62933,3650,1771,1258,,25,,,,91,505,114,2644,892
20201018,SD,33269,21694,1370,1765,841,4009,,,3590,0,1765,31504,0,323,223,3,6,7,58,,,26,0,6,317,0
20201018,TN,228744,128959,39164,,2011,288,170,,25854,32298,26623,153357,48764,2909,1978,763,,25,4,2,,113,24,153,2723,33
20201018,TX,823779,16911,9286,22227,825,,,,256,774274,22227,27278,774274,17014,5164,1867,9464,307,,,,91,121,9464,7429,121
20201018,UT,94394,49132,1704,27662,2061,1518,3216,,9722,9134,27662,57598,9134,543,298,8,115,25,37,27,,40,31,115,397,31
20201018,VA,166138,51591,32853,37340,5093,206,,1365,3860,33830,37340,94968,33830,3433,1888,913,321,156,7,,5,45,98,321,3014,98
20201018,VI,1335,,,,,,,,,1335,,,1335,21,,,,,,,,,21,,,21
20201018,VT,1937,1608,200,,71,2,,,44,12,62,1869,6,58,55,,,2,,,,1,0,0,58,0
20201018,WA,98201,26959,3837,26289,3291,1073,1557,1688,1242,32265,26289,39647,32265,2239,1504,71,316,161,56,37,24,42,28,316,1895,28
20201018,WI,175227,126981,14157,,3818,2149,,,12376,15746,25058,123493,26676,1588,1223,245,,42,20,,,27,31,165,1374,49
20201018,WV,20081,15311,1009,,,0,,,3761,0,,,,399,333,12,,,0,,,54,0,,,
20201018,WY,9025,5140,84,997,53,613,30,,391,1743,997,6311,1743,57,28,1,2,0,15,,,0,11,2,44,11
20201014,AK,11183,3769,469,,488,2340,498,442,419,2758,923,6173,4087,64,24,2,,6,23,7,0,0,2,1,53,10
20201014,AL,167977,51873,35458,,576,,,,13149,66919,7919,71139,88918,2706,1412,988,,7,,,,64,234,69,2169,468
20201014,AR,95246,55718,19525,,1047,254,2381,720,5905,9696,16001,79244,1,1634,1027,316,,18,2,45,7,73,146,91,1543,1
20201014,AS,,,,,,,,,,,,,,,,,,,,,,,,,,
20201014,AZ,227635,58331,7010,69870,2448,13283,,,7625,69068,69870,88697,69068,5772,2436,180,1751,66,608,,,96,635,1751,3386,635
20201014,CA,855072,104140,25515,366314,33342,1676,3220,6604,59198,255063,366314,233695,255063,16639,4929,1237,7959,1914,51,76,122,101,250,7959,8430,250
20201014,CO,80777,30784,3150,29742,1510,476,298,1090,597,13110,29742,37905,13130,2025,1268,126,468,62,13,6,30,9,38,468,1514,43
20201014,CT,61861,21229,7715,12092,897,65,,507,835,18521,12092,31248,18521,4537,3316,668,403,49,2,,36,21,42,403,4092,42
20201014,DC,16132,3594,8090,,261,38,45,,3998,106,4031,10723,1378,638,67,476,81,8,,,,0,6,81,551,6
20201014,DE,22465,8569,5898,4963,303,,,,1048,1684,4963,15818,1684,660,428,170,49,1,,,,12,0,49,611,0
20201014,FL,741632,198032,107702,213390,,,,,49109,173399,213390,311604,216638,15788,7603,2847,3990,,,,,632,716,3990,10348,1450
20201014,GA,334601,109737,88425,43006,5511,186,305,,9074,78357,43006,179928,111667,7470,3747,3015,443,135,9,6,,17,98,443,6930,97
20201014,GU,3341,272,,,858,,1690,,231,290,,,,61,,,,,,,,,61,,,61
20201014,HI,13674,1168,183,,2757,,3294,,391,5881,,,,183,14,5,,94,,46,,5,19,,,
20201014,IA,104290,74883,5129,,3077,888,824,,1025,18464,12309,71806,18464,1498,1212,54,,28,4,13,,7,177,74,1228,194
20201014,ID,49892,26491,416,,360,764,132,0,4923,16806,8112,19118,22661,516,490,4,,3,8,,,9,4,63,452,1
20201014,IL,330643,101118,42557,80930,7134,404,543,,11616,86341,80930,163372,86341,9320,4436,2264,1787,391,12,9,,47,374,1787,7159,128
20201014,IN,139269,75097,12330,,1559,,,,18918,31365,11323,51431,76515,3836,2360,454,,19,,,,480,523,85,1787,1964
20201014,KS,69155,46625,4604,,1604,531,,,4064,11727,16093,37151,15911,838,604,93,,17,10,,,60,54,107,646,85
20201014,KY,83013,43331,6672,,516,201,70,3246,,28977,4977,48200,29836,1276,971,147,,11,0,,34,,113,39,1077,160
20201014,LA,176209,68820,62345,,8891,458,195,,15450,20050,,,176209,5695,2908,2503,,37,6,7,,27,207,153,5245,297
20201014,MA,140992,44647,12929,33253,3213,,,,9467,37483,33253,70256,37483,9647,7294,772,663,239,,,,621,58,663,8926,58
20201014,MD,132918,34416,41603,28317,2536,,,,6154,19892,28317,84709,19892,4022,1717,1640,460,150,,,,42,13,460,3549,13
20201014,ME,5816,4009,988,,123,14,3,29,153,497,220,4723,873,143,128,4,,0,0,0,0,0,11,1,119,23
20201014,MI,154455,79868,28585,,2979,748,,9809,9568,22898,11124,98733,44598,7268,3991,2717,,90,24,,103,148,195,208,5969,1091
20201014,MN,115943,60348,17810,16733,5995,995,148,1404,1822,10688,16733,88522,10688,2180,1696,202,100,104,40,2,12,6,18,100,2062,18
20201014,MO,148679,73879,17812,,1189,238,268,1710,3539,50045,8162,76361,64156,2420,1257,478,,20,1,4,7,40,613,69,1570,779
20201014,MP,77,,,,,,,,,77,,,,2,,,,,,,,,2,,,
20201014,MS,106817,39795,40761,3096,392,1325,,,6045,15403,3096,66407,37314,3140,1449,1440,40,7,87,,,41,76,40,2638,462
20201014,MT,20210,8647,89,,56,2883,,,358,8177,476,9999,9735,225,92,,,,53,,,,80,,,
20201014,NC,236407,111136,43114,,3573,3130,338,,27603,47513,50410,107612,78385,3856,2216,1108,,48,50,7,,235,192,310,3089,457
20201014,ND,28947,16804,1450,,393,1448,,425,59,8368,,,28947,277,,,,,,,,,277,,,277
20201014,NE,54467,33000,2600,,1600,494,83,,2100,14590,12900,24900,16667,530,410,37,,18,13,0,,15,37,101,348,81
20201014,NH,9349,6127,398,1124,270,,,,275,1155,1124,7070,1155,458,416,9,13,4,,,,1,15,13,430,15
20201014,NJ,216023,54987,22085,41207,7047,,,,17089,73608,41207,101208,73608,16191,8651,2885,3192,875,,,,305,283,3192,12716,283
20201014,NM,34290,5170,610,16040,267,9059,,,,3144,16040,15106,3144,921,223,10,233,4,445,,,,6,233,682,6
20201014,NV,87314,19005,5402,29561,4970,342,,,6442,21592,29561,36161,21592,1691,595,140,279,142,8,,,5,522,279,890,522
20201014,NY,477940,,,,,,,,,477940,,,,28908,8881,6469,6846,1721,,,,1868,3123,6846,18939,3123
20201014,OH,173665,100225,31877,,4064,210,219,5369,11052,20649,10096,124619,38950,5033,3898,885,,50,4,3,73,36,84,109,4783,141
20201014,OK,102615,59329,7188,,3100,10059,,,4079,18860,15810,59744,27061,1132,812,72,,25,108,,,35,80,66,890,176
20201014,OR,38160,16378,1278,,1073,931,630,738,12500,4632,14270,19205,4685,608,411,13,,19,12,7,11,65,70,79,426,103
20201014,PA,175922,69653,21960,,3283,,,,1732,79294,13895,46832,115195,8411,6059,1690,,169,,,,390,103,480,7828,103
20201014,PR,55516,,,,,,,,,55516,,,,742,,,,,,,,,742,,,
20201014,RI,27164,8577,2650,9600,406,81,0,194,343,5313,9600,12251,5313,1147,750,57,108,13,1,0,0,0,218,108,821,218
20201014,SC,159809,64028,40896,,1529,,,,11039,42317,12268,85801,61740,3593,1737,1242,,25,,,,89,500,112,2601,880
20201014,SD,30215,19569,1316,1709,821,3584,,,3216,0,1709,28506,0,291,200,2,6,6,53,,,24,0,6,285,0
20201014,TN,220538,123977,38411,,1960,285,166,,25345,30394,26285,148609,45644,2828,1912,752,,25,4,2,,113,20,153,2648,27
20201014,TX,805082,16675,9193,21901,815,,,,250,756248,21901,26933,756248,16717,4984,1824,9219,304,,,,91,295,9219,7203,295
20201014,UT,88963,45753,1638,26446,1941,1478,3101,,9275,8587,26446,53930,8587,527,287,8,112,25,37,27,,39,28,112,387,28
20201014,VA,161610,49345,32047,36670,4933,199,,1305,3749,33362,36670,91578,33362,3381,1859,888,320,155,7,,5,46,101,320,2960,101
20201014,VI,1328,,,,,,,,,1328,,,1328,20,,,,,,,,,20,,,20
20201014,VT,1889,1562,199,,71,2,,,41,14,61,97,1732,58,55,,,2,,,,1,0,0,58,0
20201014,WA,95509,25953,3770,25837,3202,1048,1536,1656,1228,31279,25837,38393,31279,2221,1488,71,313,159,56,36,24,42,32,313,1876,32
20201014,WI,167082,120716,13694,,3693,1986,,,11975,15018,24344,117505,25233,1547,1185,245,,42,18,,,27,30,164,1335,48
20201014,WV,18818,14498,993,,,0,,,3327,0,,,,391,320,10,,,0,,,61,0,,,
20201014,WY,8177,4646,76,912,41,587,27,,352,1601,912,5729,1601,57,28,1,2,0,15,,,0,11,2,44,11
20201011,AK,10686,3590,454,,467,2218,489,422,404,2642,904,5920,3862,60,24,2,,5,21,7,0,0,1,1,52,7
20201011,AL,165342,50912,35145,,567,,,,12637,66064,7861,70101,87378,2664,1376,981,,7,,,,62,238,69,2126,468
20201011,AR,92833,53843,19123,,1021,248,2413,706,5848,9631,15781,77051,1,1569,969,306,,16,2,45,7,71,153,89,1480,0
20201011,AS,,,,,,,,,,,,,,,,,,,,,,,,,,
20201011,AZ,225575,57862,6962,69518,2430,13217,,,7500,68086,69518,87971,68086,5759,2429,180,1747,66,607,,,96,634,1747,3378,634
20201011,CA,846579,102955,25312,363000,33038,1649,3198,6513,58729,252185,363000,231394,252185,16564,4900,1238,7911,1907,51,78,117,105,257,7911,8396,257
20201011,CO,78461,30042,3114,28999,1490,455,298,1082,588,12396,28999,37069,12393,1998,1250,125,461,62,13,6,31,9,37,461,1496,41
20201011,CT,60038,20570,7550,11714,875,58,,446,712,18113,11714,30211,18113,4530,3310,668,403,49,2,,35,21,42,403,4085,42
20201011,DC,15984,3558,8019,,260,38,43,,3973,93,3994,10625,1365,637,67,475,81,8,,,,0,6,81,550,6
20201011,DE,22130,8393,5832,4916,298,,,,1020,1671,4916,15543,1671,654,425,167,49,1,,,,12,0,49,605,0
20201011,FL,734491,194632,106967,211332,,,,,48563,172997,211332,306724,216435,15552,7469,2808,3910,,,,,633,732,3910,10177,1465
20201011,GA,331409,107604,87326,42635,5447,186,301,,9062,78848,42635,176957,111817,7416,3711,3005,441,134,9,6,,18,92,441,6882,93
20201011,GU,3078,257,,,588,,1062,,197,974,,,,60,,,,,,,,,60,,,60
20201011,HI,13472,1168,183,,2757,,3294,,391,5679,,,,169,14,5,,94,,46,,5,5,,,
20201011,IA,100404,71778,4984,,2990,888,824,,996,17944,11963,69784,17944,1460,1177,54,,27,4,12,,7,176,74,1193,191
20201011,ID,48066,25372,407,,352,734,127,0,4804,16270,7958,18245,21862,507,482,4,,3,8,,,7,3,61,444,2
20201011,IL,322188,97533,41906,80963,7005,399,540,,11369,84001,80963,157224,84001,9230,4372,2255,1776,388,12,9,,48,370,1776,7084,124
20201011,IN,134981,75097,12330,,1559,,,,18918,27077,11323,51431,72227,3789,2360,454,,19,,,,480,476,85,1787,1917
20201011,KS,65807,44123,4446,,1568,517,,,3867,11196,15661,35118,15028,763,550,90,,16,9,,,50,48,100,588,75
20201011,KY,80292,39734,6436,,516,191,70,3097,,30248,4867,46157,29268,1252,958,146,,11,0,,32,,105,39,1063,150
20201011,LA,174587,67159,61464,,8630,449,192,,15262,21431,,,174587,5655,2861,2472,,36,5,7,,28,246,151,5155,349
20201011,MA,138903,43978,12823,32678,3168,,,,9335,36921,32678,69304,36921,9604,7263,771,661,237,,,,618,54,661,8889,54
20201011,MD,131357,33858,41124,27966,2499,,,,6050,19860,27966,83531,19860,3999,1710,1635,455,150,,,,42,7,455,3537,7
20201011,ME,5723,3929,986,,122,14,3,34,150,485,215,4652,856,143,128,4,,0,0,0,0,0,11,1,119,23
20201011,MI,149464,76452,28221,,2880,702,,9564,9326,22319,10772,94259,44433,7219,3958,2709,,90,24,,104,146,188,206,5926,1087
20201011,MN,112268,57723,17589,16406,5839,965,146,1378,1781,10441,16406,85421,10441,2194,1666,201,100,104,39,2,12,6,64,100,2030,64
20201011,MO,144230,71178,17567,,1139,173,375,2062,3346,48375,8076,73903,62251,2422,1555,561,,23,0,9,16,39,219,74,1898,448
20201011,MP,77,,,,,,,,,77,,,,2,,,,,,,,,2,,,
20201011,MS,104932,38751,40184,3058,386,1311,,,5978,15264,3058,65023,36851,3101,1427,1424,40,7,87,,,41,75,40,2601,460
20201011,MT,18702,8165,86,,51,2789,,,307,7304,466,9593,8643,210,92,,,,53,,,,65,,,
20201011,NC,231471,108194,42248,,3494,3031,334,,27063,47107,49712,104655,77104,3770,2174,1082,,48,50,7,,229,180,301,3031,438
20201011,ND,27265,15731,1411,,361,1393,,409,54,7906,,,27265,234,,,,,,,,,234,,,234
20201011,NE,52382,31800,2500,,1600,479,77,,2100,13826,12700,23900,15782,519,403,37,,18,13,0,,15,33,99,345,75
20201011,NH,9143,5974,395,1113,265,,,,276,1120,1113,6910,1120,456,415,9,13,4,,,,1,14,13,429,14
20201011,NJ,213628,54139,21921,40713,6975,,,,16706,73174,40713,99741,73174,16174,8651,2885,3192,875,,,,305,266,3192,12716,266
20201011,NM,32983,4927,570,15201,257,8931,,,,3097,15201,14685,3097,911,216,10,224,4,440,,,,17,224,670,17
20201011,NV,85779,18557,5311,28900,4877,337,,,6450,21347,28900,35532,21347,1661,582,139,273,141,8,,,5,513,273,875,513
20201011,NY,474286,,,,,,,,,474286,,,,28876,8866,6464,6841,1721,,,,1866,3118,6841,18917,3118
20201011,OH,168749,97016,31487,,4009,205,213,5217,10702,19900,9894,121461,37394,4999,3870,884,,50,4,3,73,35,80,108,4752,139
20201011,OK,99387,57321,6995,,3050,9758,,,3953,18310,15810,59744,23833,1098,786,70,,25,106,,,35,76,66,890,142
20201011,OR,37255,15589,1243,,1039,895,618,700,12001,5170,13743,18319,5193,599,400,13,,19,12,7,11,64,73,79,415,105
20201011,PA,172216,67883,21700,,3179,,,,1699,77755,13706,45776,112734,8350,6059,1690,,169,,,,390,42,480,7828,42
20201011,PR,53671,,,,,,,,,53671,,,,730,,,,,,,,,730,,,
20201011,RI,26294,7958,2555,9271,396,76,0,178,323,5537,9271,11486,5537,1130,740,56,108,13,1,0,0,0,212,108,810,212
20201011,SC,157406,62557,40345,,1500,,,,10961,42043,12146,83905,61355,3552,1719,1232,,25,,,,88,488,111,2574,867
20201011,SD,28564,18333,1305,1676,823,3428,,,2999,0,1676,26888,0,286,197,2,6,6,51,,,24,0,6,280,0
20201011,TN,214717,119806,37697,,1920,280,160,,24865,29989,26047,143886,44784,2767,1871,738,,23,4,2,,111,18,152,2594,21
20201011,TX,792478,16675,9193,21901,815,,,,250,743644,21901,26933,743644,16557,4984,1824,9219,304,,,,91,135,9219,7203,135
20201011,UT,85844,43702,1607,25816,1894,1444,3025,,9006,8352,25816,51676,8352,517,279,8,111,25,37,26,,39,28,111,378,28
20201011,VA,158716,48121,31559,36233,4845,197,,1257,3659,32845,36233,89638,32845,3358,1846,883,317,153,7,,5,46,101,317,2940,101
20201011,VI,1325,,,,,,,,,1325,,,1325,20,,,,,,,,,20,,,20
20201011,VT,1868,1545,199,,70,2,,,40,12,61,1801,6,58,55,,,2,,,,1,0,0,58,0
20201011,WA,93035,25246,3687,25501,3130,1033,1521,1635,1216,30066,25501,37468,30066,2190,1465,71,309,159,56,36,25,40,29,309,1852,29
20201011,WI,158315,113896,13219,,3556,1879,,,11490,14275,23483,111262,23570,1475,1123,242,,41,17,,,25,27,159,1274,42
20201011,WV,18128,8899,977,,,0,,,8252,0,,,,382,258,10,,,0,,,114,0,,,
20201011,WY,7611,4313,71,854,38,576,25,,336,1445,854,5359,1445,54,26,1,2,0,15,,,0,10,2,42,10
20201007,AK,9861,3393,436,,436,2028,475,393,372,2328,883,5633,3345,59,24,2,,4,21,7,0,0,1,1,52,6
20201007,AL,161418,49446,34576,,569,,,,12023,64801,7783,68527,85106,2601,1334,960,,7,,,,60,240,68,2080,451
20201007,AR,88880,51550,18575,,977,234,2399,687,5688,8770,15465,73414,178,1482,907,293,,16,2,44,7,71,142,88,1394,0
20201007,AS,,,,,,,,,,,,,,,,,,,,,,,,,,
20201007,AZ,222538,55918,6815,68182,2356,12962,,,7287,69018,68182,85338,69018,5733,2410,181,1738,66,601,,,95,642,1738,3353,642
20201007,CA,831225,100382,24802,355086,32359,1588,3151,6335,57848,249674,355086,226465,249674,16228,4786,1217,7778,1881,48,78,114,94,232,7778,8218,232
20201007,CO,74922,28597,3041,27698,1431,419,284,1041,576,11837,27698,35389,,1990,1246,124,461,63,13,6,29,9,35,461,1490,35
20201007,CT,59364,20368,7501,11538,863,58,,439,684,17913,11538,29913,17913,4522,3305,667,401,49,2,,35,21,42,401,4079,42
20201007,DC,15697,3464,7893,,257,38,43,,3920,82,3940,10416,1341,632,67,470,81,8,,,,0,6,81,545,6
20201007,DE,21550,8062,5695,4846,290,,,,994,1663,4846,15041,1663,649,421,166,49,1,,,,12,0,49,600,0
20201007,FL,722707,189549,105597,208125,,,,,47531,171905,208125,299593,214989,15084,7178,2720,3796,,,,,612,778,3796,9788,1500
20201007,GA,326142,104291,85698,41976,5315,183,299,,8979,79401,41976,172127,112039,7259,3628,2944,440,132,9,6,,18,82,440,6738,81
20201007,GU,2868,257,,,588,,1062,,197,764,,,,57,,,,,,,,,57,,,57
20201007,HI,13045,1115,174,,2611,,3044,,383,5718,,,,163,14,5,,80,,39,,5,20,,,
20201007,IA,95423,68155,4733,,2839,888,824,,946,17038,12305,66262,16092,1415,1140,54,,27,4,13,,6,168,74,1156,184
20201007,ID,45753,23956,386,,337,718,120,0,4652,15584,7716,17102,20934,500,466,4,,3,7,,,7,13,58,430,12
20201007,IL,310380,92617,40853,77528,6844,392,536,,10998,80558,77528,152294,80558,9127,4293,2247,1763,385,12,10,,50,367,1763,6997,118
20201007,IN,128227,70953,12033,,1461,,,,18329,25451,10925,48082,69220,3727,2311,453,,19,,,,472,472,83,1757,1887
20201007,KS,63952,42970,4349,,1550,504,,,3741,10838,15449,33964,14539,723,519,88,,15,9,,,45,47,95,559,69
20201007,KY,76587,39749,6137,,516,184,69,2991,,26941,4881,43881,27825,1223,936,143,,12,0,,29,,103,38,1042,143
20201007,LA,172625,67159,61464,,8630,449,192,,15262,19469,,,172625,5604,2861,2472,,36,5,7,,28,195,151,5155,298
20201007,MA,136492,43167,12710,31932,3099,,,,8983,36601,31932,67959,36601,9557,7226,768,659,236,,,,610,58,659,8840,58
20201007,MD,128664,32833,40466,27532,2431,,,,5933,19469,27532,81663,19469,3973,1697,1622,454,150,,,,41,9,454,3510,9
20201007,ME,5604,3825,980,,121,14,3,31,148,482,210,4545,849,142,128,4,,0,0,0,0,0,10,1,119,22
20201007,MI,145092,73568,27955,,2785,676,,9380,9042,21686,10467,91589,43036,7169,3917,2701,,89,24,,104,145,189,205,5819,1145
20201007,MN,106651,53959,17291,15932,5602,907,145,1328,1712,9775,15932,80944,9775,2154,1633,199,100,100,39,2,12,6,63,100,1991,63
20201007,MO,135651,66672,17024,,1085,163,380,2062,3147,45118,7813,69738,58100,2236,1418,549,,24,0,9,16,39,181,71,1771,393
20201007,MP,75,,,,,,,,,75,,,,2,,,,,,,,,2,,,
20201007,MS,102241,37499,39497,3004,373,1302,,,5899,14667,3004,63441,35796,3051,1402,1410,39,7,86,,,40,67,39,2567,445
20201007,MT,16063,7230,81,,48,2486,,,235,5983,435,8681,6947,193,92,,,,53,,,,48,,,
20201007,NC,222969,103467,40871,,3397,2890,329,,26166,45849,48680,100330,73959,3693,2121,1068,,47,49,6,,227,175,297,2975,421
20201007,ND,24857,14278,1384,,332,1293,,386,49,7135,,,24857,226,,,,,,,,,226,,,226
20201007,NE,49396,30400,2500,,1600,469,74,,2000,12353,12500,22700,14196,507,397,36,,18,12,0,,14,30,95,340,72
20201007,NH,8800,5729,392,1074,240,,,,270,1095,1074,6631,1095,448,406,9,13,4,,,,1,15,13,420,15
20201007,NJ,209850,52549,21683,40026,6869,,,,16248,72475,40026,97349,72475,16152,8627,2848,3189,873,,,,302,313,3189,12650,313
20201007,NM,31372,4674,545,14550,232,8768,,,,2603,14550,14219,2603,896,216,10,224,4,440,,,,2,224,670,2
20201007,NV,83347,17858,5174,28228,4752,324,,,6161,20850,28228,34269,20850,1636,562,137,262,138,8,,,5,524,262,850,524
20201007,NY,468268,,,,,,,,,468268,,,,28847,8849,6461,6837,1720,,,,1869,3111,6837,18899,3111
20201007,OH,162723,93130,31035,,3933,201,210,5040,10303,18871,9696,117427,35600,4970,3846,881,,50,4,2,73,35,79,108,4727,135
20201007,OK,94352,54355,6714,,2964,9229,,,3807,17283,15038,54598,24716,1075,769,69,,25,103,,,35,74,66,842,167
20201007,OR,35634,15169,1216,,1022,878,614,686,11797,4252,13495,17917,4222,583,388,13,,19,12,7,11,64,69,79,405,99
20201007,PA,166552,65245,21367,,3045,,,,1638,75257,13418,44251,108883,8272,5946,1679,,168,,,,386,93,476,7703,93
20201007,PR,51748,,,,,,,,,51748,,,,705,,,,,,,,,705,,,
20201007,RI,25776,7958,2555,9271,396,76,0,178,323,5019,9271,11486,5019,1126,740,56,108,13,1,0,0,0,208,108,810,208
20201007,SC,153705,60428,39744,,1465,,,,10341,41727,11972,81358,60375,3502,1686,1220,,25,,,,87,484,110,2536,856
20201007,SD,25906,16342,1299,1645,817,3138,,,2665,0,1645,24261,0,258,173,2,6,6,48,,,23,0,6,252,0
20201007,TN,207455,115336,36948,,1880,272,159,,24178,28682,25735,139679,42041,2642,1798,695,,23,4,2,,107,13,150,2481,11
20201007,TX,777556,16358,9027,21472,812,,,,242,729645,21472,26439,729645,16230,4813,1774,8916,295,,,,87,345,8916,6969,345
20201007,UT,80446,40247,1554,24698,1802,1386,2867,,8586,7822,24698,47926,7822,496,264,8,107,24,36,26,,38,28,107,361,28
20201007,VA,153691,45772,30792,35624,4706,189,,1184,3546,31878,35624,86189,31878,3303,1812,871,313,152,7,,4,45,99,313,2891,99
20201007,VI,1322,,,,,,,,,1322,,,1322,20,,,,,,,,,20,,,20
20201007,VT,1827,1507,197,,69,2,,,40,12,62,1759,6,58,55,,,2,,,,1,0,0,58,0
20201007,WA,91208,24603,3632,25229,3062,1013,1513,1615,1200,29341,25229,36638,29341,2177,1452,70,308,158,56,35,24,40,34,308,1835,34
20201007,WI,146193,104296,12659,,3354,1703,,,10892,13289,22478,102294,21421,1426,1073,239,,41,17,,,26,30,158,1223,45
20201007,WV,17139,13365,950,,,4,,,2820,0,,,,369,302,9,,,0,,,58,0,,,
20201007,WY,6899,3818,64,774,41,539,23,,310,1314,774,4795,1314,53,25,1,2,0,15,,,0,10,2,41,10
20201004,AK,9376,3198,422,,411,1882,446,370,352,2295,832,5290,3254,58,23,2,,4,21,7,0,0,1,1,51,6
20201004,AL,159169,48509,34310,,561,,,,11572,64200,7724,67483,83960,2558,1314,948,,7,,,,57,232,68,2051,440
20201004,AR,87013,50119,18185,,998,231,2349,663,5568,8900,15314,71698,1,1425,862,283,,16,2,43,7,69,143,88,1337,1
20201004,AS,,,,,,,,,,,,,,,,,,,,,,,,,,
20201004,AZ,220754,55399,6761,67738,2312,12893,,,7195,68456,67738,84560,68456,5706,2398,180,1728,66,599,,,95,640,1728,3338,640
20201004,CA,823729,99208,24581,351834,31990,1568,3120,6241,57494,247693,351834,224202,247693,16120,4738,1213,7697,1869,48,76,110,92,277,7697,8146,277
20201004,CO,73076,27337,2988,26928,1381,416,284,957,555,12225,26928,33918,,1968,1229,124,456,62,13,6,29,9,35,456,1472,35
20201004,CT,58297,20199,7457,11391,850,58,,406,617,17319,11391,29587,17319,4513,3298,665,401,49,2,,35,21,42,401,4070,42
20201004,DC,15519,3420,7823,,256,38,43,,3866,73,3910,10303,1306,631,67,469,81,8,,,,0,6,81,544,6
20201004,DE,21243,7901,5611,4810,281,,,,976,1664,4810,14769,1664,645,419,164,49,1,,,,12,0,49,596,0
20201004,FL,716459,186216,104741,206096,,,,,47106,172300,206096,295228,215135,14845,7047,2679,3740,,,,,608,771,3740,9599,1506
20201004,GA,322925,102171,84672,41509,5214,175,302,,8942,79940,41509,168994,112422,7162,3558,2912,433,130,7,7,,22,93,433,6625,104
20201004,GU,2699,257,,,588,,1062,,197,595,,,,52,,,,,,,,,52,,,52
20201004,HI,12804,1115,174,,2611,,3044,,383,5477,,,,156,14,5,,80,,39,,5,13,,,
20201004,IA,93388,66674,4630,,2778,888,824,,926,16668,12038,63896,16668,1383,1115,52,,26,4,13,,5,163,74,1130,177
20201004,ID,43964,22947,376,,318,657,115,0,4530,15021,7519,16275,20169,482,453,4,,3,7,,,6,9,57,417,8
20201004,IL,304280,89971,40359,76566,6733,384,534,,10812,78921,76566,148793,78921,9040,4221,2243,1756,384,12,10,,49,365,1756,6919,116
20201004,IN,125146,68399,11801,,1423,,,,17915,25608,10680,46643,67823,3674,2271,451,,18,,,,460,474,81,1735,1858
20201004,KS,61111,40960,4219,,1521,483,,,3577,10351,15017,32169,13925,698,503,87,,15,7,,,45,41,95,542,61
20201004,KY,72617,38694,5869,,516,174,67,2871,,24426,4758,41171,26688,1209,927,141,,11,0,,27,,103,37,1031,141
20201004,LA,169719,65148,60522,,8318,437,188,,15036,20070,,,169719,5577,2795,2438,,36,5,7,,31,265,143,5070,364
20201004,MA,134947,42646,12616,31437,3062,,,,8862,36324,31437,67186,36324,9510,7184,768,657,235,,,,609,3,657,8796,3
20201004,MD,127290,32303,40123,27325,2403,,,,5853,19283,27325,80682,19283,3958,1689,1614,454,151,,,,41,9,454,3495,9
20201004,ME,5519,3746,980,,121,14,3,27,147,481,209,4467,843,142,121,4,,0,0,0,0,0,17,0,114,28
20201004,MI,141271,70756,27715,,2699,650,,9231,8855,21365,10201,89261,41809,7124,3884,2694,,89,23,,102,144,188,204,5780,1140
20201004,MN,103826,51930,17145,15699,5443,885,141,1291,1670,9622,15699,78505,9622,2133,1617,198,99,98,39,2,12,6,62,99,1972,62
20201004,MO,132431,64732,16779,,1059,0,384,2066,3099,44179,7707,67923,56801,2173,1369,543,,23,0,9,15,38,176,69,1719,383
20201004,MP,73,,,,,,,,,73,,,,2,,,,,,,,,2,,,
20201004,MS,100488,36541,39001,2947,363,1299,,,5877,14460,2947,62186,35355,3013,1388,1388,38,7,85,,,40,67,38,2532,443
20201004,MT,14635,6702,79,,45,2298,,,177,5334,409,8122,6104,187,80,,,,47,,,,60,,,
20201004,NC,217496,100535,40008,,3338,2778,325,,25621,44891,48055,97624,71817,3634,2085,1049,,47,48,6,,227,172,297,2925,412
20201004,ND,23550,13422,1361,,320,1244,,372,46,6785,,,23550,191,,,,,,,,,191,,,191
20201004,NE,47807,29500,2400,,1600,460,73,,2000,11774,12300,22000,13507,501,390,35,,18,12,0,,13,33,94,336,71
20201004,NH,8645,5659,390,1067,240,,,,269,1020,1067,6558,1020,443,405,9,12,4,,,,1,12,12,419,12
20201004,NJ,208202,51872,21575,39703,6814,,,,16054,72184,39703,96315,72184,16136,8627,2848,3189,873,,,,302,297,3189,12650,297
20201004,NM,30477,4538,536,14129,222,8658,,,,2394,14129,13954,2394,892,210,10,212,4,437,,,,19,212,661,19
20201004,NV,82100,17546,5097,27626,4669,316,,,6217,20629,27626,33845,20629,1623,552,135,256,137,8,,,5,530,256,837,530
20201004,NY,464582,,,,,,,,,464582,,,,28810,8831,6456,6830,1721,,,,1864,3108,6830,18872,3108
20201004,OH,158907,90398,30691,,3887,197,209,4925,10085,18515,9526,114545,34836,4925,3810,879,,49,4,2,72,35,74,108,4690,127
20201004,OK,91317,52340,6509,,2910,8914,,,3662,16982,15038,54598,21681,1052,750,68,,24,102,,,33,75,66,842,144
20201004,OR,34770,14383,1165,,991,851,605,655,11444,4675,13093,17058,4619,572,372,13,,19,12,7,9,64,76,79,389,104
20201004,PA,163535,63526,21138,,2987,,,,1613,74271,13262,43271,107002,8216,5946,1679,,168,,,,386,37,476,7703,37
20201004,PR,50675,,,,,,,,,50675,,,,686,,,,,,,,,686,,,
20201004,RI,25076,7539,2465,8992,388,75,0,169,300,5148,8992,10936,5148,1118,732,56,106,13,1,0,1,0,209,106,803,209
20201004,SC,151582,59013,39238,,1433,,,,10214,41684,11840,79542,60200,3453,1669,1201,,25,,,,86,472,108,2504,841
20201004,SD,24418,15222,1305,1605,812,2923,,,2551,0,1605,22813,0,248,164,2,6,5,48,,,23,0,6,242,0
20201004,TN,201210,111153,36155,,1846,267,152,,23825,27812,25508,134818,40884,2577,1740,690,,23,4,2,,106,12,151,2415,11
20201004,TX,765894,16358,9027,21472,812,,,,242,717983,21472,26439,717983,16025,4813,1774,8916,295,,,,87,140,8916,6969,140
20201004,UT,77618,38372,1515,24145,1757,1358,2811,,8400,7570,24145,45903,7570,478,253,8,103,24,35,25,,37,27,103,348,27
20201004,VA,151870,44747,30393,35311,4638,185,,1165,3507,31924,35311,84635,31924,3273,1787,854,310,150,7,,3,50,112,310,2851,112
20201004,VI,1327,,,,,,,,,1327,,,1327,20,,,,,,,,,20,,,20
20201004,VT,1785,1492,175,,68,2,,,38,10,60,1719,6,58,55,,,2,,,,1,0,0,58,0
20201004,WA,89874,23997,3584,24900,3003,1007,1494,1582,1192,29115,24900,35859,29115,2142,1427,69,301,158,56,34,24,40,33,301,1814,33
20201004,WI,139928,99213,12348,,3241,1588,,,10642,12896,21978,97550,20400,1388,1043,239,,39,17,,,26,24,158,1195,35
20201004,WV,16628,12901,942,,,4,,,2781,780,,,,358,294,9,,,0,,,55,0,,,
20201004,WY,6504,3632,61,754,38,532,22,,299,1224,754,4584,1224,53,25,1,2,0,15,,,0,10,2,41,10
20200930,AK,8780,2833,388,,338,1679,389,351,317,2485,731,4590,3459,56,23,2,,4,19,7,0,0,1,1,50,5
20200930,AL,154701,47253,33937,,550,,,,11060,61900,7662,66099,80939,2540,1297,947,,8,,,,56,231,68,2034,437
20200930,AR,83697,47623,17492,,965,220,2343,639,5440,8975,15065,68631,1,1369,823,268,,16,2,43,7,68,142,87,1282,0
20200930,AS,,,,,,,,,,,,,,,,,,,,,,,,,,
20200930,AZ,218507,54253,6652,66875,2258,12734,,,7096,68639,66875,82993,68639,5650,2366,179,1716,66,595,,,96,632,1716,3302,632
20200930,CA,810625,96828,24098,344920,31218,1510,3060,5966,57167,245858,344920,219847,245858,15792,4658,1186,7494,1828,49,73,103,125,276,7494,8022,276
20200930,CO,70536,26161,2934,25858,1340,395,275,909,543,12118,25858,32557,,1960,1225,123,455,62,13,6,27,9,36,455,1465,36
20200930,CT,57550,19985,7418,11307,843,58,,373,557,17009,11307,29234,17009,4508,3296,662,401,49,2,,35,21,42,401,4065,42
20200930,DC,15326,3339,7758,,248,36,43,,3832,70,3870,10155,1301,627,67,467,79,8,,,,0,6,79,542,6
20200930,DE,20613,7588,5451,4737,272,,,,942,1623,4737,14253,1623,636,411,163,49,1,,,,12,0,49,587,0
20200930,FL,706516,181709,103503,203042,,,,,46234,172028,203042,288855,214619,14486,6853,2619,3659,,,,,592,763,3659,9336,1491
20200930,GA,318026,99268,83130,40832,5071,182,294,,8823,80426,40832,164663,112531,7021,3469,2868,430,130,7,6,,21,90,430,6488,103
20200930,GU,2488,257,,,588,,1062,,197,384,,,,49,,,,,,,,,49,,,49
20200930,HI,12410,1048,164,,2316,,2691,,354,5837,,,,136,13,5,,71,,35,,5,7,,,
20200930,IA,89679,63089,5331,,2665,888,824,,1777,15105,11551,62200,15105,1346,1087,51,,27,4,13,,6,153,74,1103,167
20200930,ID,42048,20773,369,,308,633,114,1356,4251,14244,7318,15458,19271,469,444,4,,3,7,,,6,5,57,408,4
20200930,IL,295763,86609,39722,75066,6581,379,523,,10518,76365,75066,144332,76365,8916,4148,2226,1741,382,12,10,,47,350,1741,6825,106
20200930,IN,120019,65584,11545,,1369,,,,17386,24135,10359,44621,65039,3632,2246,449,,18,,,,451,468,79,1720,1833
20200930,KS,59749,40007,4151,,1501,474,,,3479,10137,14832,31343,13574,678,484,87,,15,7,,,44,41,93,524,61
20200930,KY,68840,37435,5604,,516,163,65,2743,,22314,4667,39073,25100,1174,896,138,,12,0,,26,,102,37,999,138
20200930,LA,167458,65148,60522,,8318,437,188,,15036,17809,,,167458,5511,2795,2438,,36,5,7,,31,199,143,5070,298
20200930,MA,132116,41689,12437,30516,2966,,,,8550,35958,30516,65642,35958,9456,7144,766,652,234,,,,603,57,652,8747,57
20200930,MD,124725,31329,39508,26961,2361,,,,5724,18842,26961,78922,18842,3949,1682,1612,453,149,,,,42,11,453,3485,11
20200930,ME,5391,3634,978,,118,14,3,26,144,474,204,4363,824,141,121,4,,0,0,0,0,0,16,0,114,27
20200930,MI,138014,68462,27465,,2633,633,,9052,8661,21108,9974,87280,40760,7083,3850,2689,,91,22,,100,142,189,202,5747,1134
20200930,MN,99134,48803,16920,15308,5265,841,136,1252,1603,9006,15308,74820,9006,2089,1580,195,97,94,37,2,14,7,63,97,1929,63
20200930,MO,126113,60459,17479,,1047,0,441,2371,3027,41176,8058,65187,52868,2118,1320,576,,24,0,11,19,39,129,69,1725,323
20200930,MP,70,,,,,,,,,70,,,,2,,,,,,,,,2,,,
20200930,MS,98190,35362,38352,2886,354,1286,,,5825,14125,2886,60743,34561,2969,1368,1369,38,7,84,,,38,65,38,2499,432
20200930,MT,13071,6152,75,,41,2156,,,129,4518,393,7548,5130,180,80,,,,47,,,,53,,,
20200930,NC,210632,96728,38779,,3240,2650,316,,24987,43932,47245,93957,69430,3532,2029,1014,,45,47,6,,223,168,295,2840,397
20200930,ND,21846,12404,1322,,301,1159,,342,42,6276,,,21846,191,,,,,,,,,191,,,191
20200930,NE,45564,27600,2300,,1600,437,68,,2000,11559,12000,20400,13164,478,370,33,,18,11,0,,12,34,91,319,68
20200930,NH,8266,5415,382,1023,225,,,,260,961,1023,6282,961,439,402,9,12,4,,,,1,11,12,416,11
20200930,NJ,205275,50663,21390,39269,6724,,,,15601,71628,39269,94378,71628,16122,8596,2851,3184,872,,,,301,318,3184,12620,318
20200930,NM,29435,4350,523,13445,203,8556,,,,2358,13445,13632,2358,877,210,10,212,4,437,,,,4,212,661,4
20200930,NV,79980,16901,4964,27052,4559,305,,,6002,20197,27052,32731,20197,1600,545,132,253,134,8,,,5,523,253,824,523
20200930,NY,458649,,,,,,,,,458649,,,,28758,8819,6454,6811,1719,,,,1859,3096,6811,18851,3096
20200930,OH,153987,87136,30342,,3818,193,198,4750,9851,17699,9308,111083,33596,4804,3712,861,,49,4,2,66,34,76,105,4572,127
20200930,OK,87199,49768,6222,,2845,8510,,,3473,16381,14192,49858,23149,1031,736,66,,24,101,,,33,71,64,801,166
20200930,OR,33509,14067,1150,,977,838,598,637,11295,3947,12924,16708,3877,559,369,13,,19,12,7,9,63,67,78,387,94
20200930,PA,158967,61097,20830,,2857,,,,1541,72642,12998,41933,104036,8142,5863,1668,,167,,,,383,61,472,7609,61
20200930,PR,48755,,,,,,,,,48755,,,,661,,,,,,,,,661,,,
20200930,RI,24748,7539,2465,8992,388,75,0,169,300,4820,8992,10936,4820,1114,732,56,106,13,1,0,1,0,205,106,803,205
20200930,SC,147942,57093,38597,,1404,,,,9525,41323,11624,77363,58955,3378,1629,1179,,0,,,,83,487,104,2452,822
20200930,SD,22389,13779,1284,1557,807,2682,,,2280,0,1557,20832,0,223,149,2,6,5,42,,,19,0,6,217,0
20200930,TN,196139,107989,35639,,1816,264,151,,23518,26762,25311,131629,39199,2454,1643,667,,23,4,2,,105,10,149,2290,15
20200930,TX,748967,15977,8888,21204,801,,,,242,701855,21204,25908,701855,15711,4629,1738,8618,288,,,,82,356,8618,6737,356
20200930,UT,73042,35431,1473,23187,1655,1315,2698,,8022,7196,23187,42659,7196,459,239,7,102,24,34,25,,37,25,102,332,25
20200930,VA,148271,43045,29679,34793,4523,178,,1102,3440,31511,34793,81967,31511,3208,1743,835,309,148,7,,3,50,113,309,2786,113
20200930,VI,1318,,,,,,,,,1318,,,1318,20,,,,,,,,,20,,,20
20200930,VT,1752,1463,174,,66,2,,,38,9,59,1689,4,58,55,,,2,,,,1,0,0,58,0
20200930,WA,87522,23396,3513,24577,2920,995,1474,1550,1173,27924,24577,35021,27924,2126,1414,69,295,157,55,34,23,40,39,295,1792,39
20200930,WI,129123,90773,11938,,3010,1420,,,10102,11880,21106,89657,18360,1337,1000,237,,36,17,,,25,22,153,1156,28
20200930,WV,15848,12396,920,,,4,,,2528,0,,,,350,287,9,,,0,,,54,4,,,
20200930,WY,5948,3310,55,701,35,514,25,,282,1144,701,4221,1144,50,23,1,2,0,15,,,0,9,2,39,9
20200927,AK,8431,2285,337,,249,1475,324,335,291,3135,578,3583,4270,56,23,2,,4,19,7,0,0,1,1,50,5
20200927,AL,152321,46169,33576,,528,,,,10668,61364,7618,65133,79569,2501,1283,933,,8,,,,54,223,68,2007,426
20200927,AR,81242,45901,17060,,939,214,2356,629,5361,8782,14867,66374,1,1308,769,255,,16,2,43,7,66,150,85,1223,0
20200927,AS,,,,,,,,,,,,,,,,,,,,,,,,,,
20200927,AZ,217237,53792,6596,66396,2230,12669,,,7052,68502,66396,82339,68502,5623,1845,177,1710,66,594,,,94,629,1710,3284,629
20200927,CA,802308,95499,23848,341600,30841,1480,3034,5883,56629,243494,341600,217214,243494,15587,4567,1177,7389,1794,49,69,99,125,318,7389,7880,318
20200927,CO,69079,25835,2922,25427,1326,393,276,904,538,11453,25427,32194,,1940,1210,122,451,61,13,6,27,9,36,451,1448,36
20200927,CT,56587,19768,7368,11132,832,57,,285,486,16659,11132,28796,16659,4501,3290,662,400,49,2,,35,21,42,400,4059,42
20200927,DC,15250,3310,7716,,247,36,42,,3839,60,3853,10077,1320,624,67,465,78,8,,,,0,6,78,540,6
20200927,DE,20260,7422,5354,4666,265,,,,934,2672,4666,13975,2672,633,409,162,49,1,,,,12,77,49,584,77
20200927,FL,700564,178917,102684,201006,,,,,45838,172119,201006,284516,215042,14202,6704,2566,3582,,,,,578,772,3582,9128,1492
20200927,GA,314685,97003,81897,40377,4980,182,288,,8730,81228,40377,161193,113115,6946,3421,2855,427,130,7,6,,20,80,427,6427,92
20200927,GU,2354,257,,,588,,1062,,197,250,,,,43,,,,,,,,,43,,,43
20200927,HI,12116,1048,164,,2316,,2691,,354,5543,,,,132,13,5,,71,,35,,5,3,,,
20200927,IA,86560,60594,5193,,2596,865,0,,1731,15581,11253,59728,15581,1315,1065,51,,26,4,13,,6,147,73,1080,160
20200927,ID,40501,19837,367,,295,597,103,1311,4136,13855,7108,14722,18670,460,435,4,,3,6,,,5,7,56,399,5
20200927,IL,290419,84430,39310,74097,6486,366,518,,10338,74874,74097,141448,74874,8845,4094,2220,1727,381,12,10,,47,354,1727,6764,110
20200927,IN,117450,63391,11304,,1328,,,,16995,24432,10204,43512,63734,3580,2206,445,,18,,,,445,466,78,1699,1803
20200927,KS,56592,37759,4013,,1444,421,,,3294,9661,14308,29386,12898,632,450,85,,13,7,,,42,35,92,488,52
20200927,KY,66491,34214,5250,,516,163,60,2605,,23683,4416,37286,24789,1157,884,136,,11,0,,27,,99,36,987,134
20200927,LA,166075,63233,59447,,8036,430,183,,14771,19975,,,166075,5465,2725,2417,,35,4,7,,31,246,140,4969,356
20200927,MA,130642,41199,12357,30077,2935,,,,8378,35696,30077,64869,35696,9404,7102,762,650,232,,,,601,57,650,8697,57
20200927,MD,123403,30858,39111,26766,2334,,,,5665,18669,26766,77968,18669,3935,1671,1607,450,148,,,,42,17,450,3468,17
20200927,ME,5288,3540,978,,116,13,3,25,144,469,203,4276,809,140,121,4,,0,0,0,0,0,15,0,114,26
20200927,MI,134373,65823,27260,,2541,597,,8884,8480,20788,9714,83784,40875,7044,3823,2683,,89,20,,101,139,189,201,5714,1129
20200927,MN,96734,47009,16733,15076,5099,823,134,1217,1607,9036,15076,72622,9036,2060,1558,191,96,93,37,2,13,7,63,96,1901,63
20200927,MO,123406,28383,12341,,,,,2468,2468,77746,8218,70192,44993,2063,981,497,,,,,16,59,510,84,1976,2
20200927,MP,70,,,,,,,,,70,,,,2,,,,,,,,,2,,,
20200927,MS,96859,34403,37928,2840,344,1278,,,5767,14299,2840,59511,34508,2919,1336,1347,38,6,85,,,39,69,38,2457,424
20200927,MT,12107,5747,73,,39,2048,,,109,4091,377,7145,4585,173,80,,,,47,,,,46,,,
20200927,NC,207380,94624,38021,,3170,2576,313,,24677,43999,46679,91642,69059,3441,1973,989,,44,45,6,,217,167,294,2762,385
20200927,ND,20724,11622,1293,,289,1103,,330,41,6046,,,20724,156,,,,,,,,,156,,,156
20200927,NE,44063,27600,2300,,1600,437,68,,2000,10058,12000,20400,11663,470,370,33,,18,11,0,,12,26,91,319,60
20200927,NH,8172,5341,381,1015,222,,,,257,956,1015,6201,956,439,402,9,12,4,,,,1,11,12,416,11
20200927,NJ,203548,49888,21274,38991,6672,,,,15467,71256,38991,93301,71256,16109,8596,2851,3184,769,,,,301,305,3184,12620,305
20200927,NM,28844,3642,4713,11211,161,7245,,,,1872,11211,15761,1872,870,173,7,159,2,404,,,,125,159,586,125
20200927,NV,78728,16607,4895,26449,4466,300,,,5985,20026,26449,32253,20026,1585,537,128,246,130,8,,,5,531,246,808,531
20200927,NY,455626,,,,,,,,,455626,,,,28728,8808,6453,6807,1719,,,,1851,3090,6807,18831,3090
20200927,OH,150809,84916,30082,,3758,189,195,4645,9680,17344,9137,108714,32958,4741,3665,858,,48,4,2,62,32,70,103,4520,118
20200927,OK,84333,47971,6014,,2798,8231,,,3351,15968,14192,49858,20283,1006,721,65,,22,100,,,31,67,64,801,141
20200927,OR,32820,13435,1083,,957,812,586,599,10958,4390,12535,15950,4335,547,357,12,,19,12,7,9,60,71,74,376,97
20200927,PA,156150,59648,20592,,2776,,,,1508,71626,12801,41039,102310,8106,5863,1668,,167,,,,383,25,472,7609,25
20200927,PR,46304,,,,,,,,,46304,,,,644,,,,,,,,,644,,,
20200927,RI,24181,6830,2230,8187,359,72,0,156,316,6031,8187,9963,6031,1107,724,56,104,13,1,0,1,0,208,104,795,208
20200927,SC,145887,56135,38200,,1384,,,,9450,40718,11504,76122,58261,3326,1600,1163,,0,,,,81,482,102,2409,815
20200927,SD,21541,13110,1277,1542,801,2603,,,2208,0,1542,19999,0,218,145,2,6,5,42,,,18,0,6,212,0
20200927,TN,192995,104678,34911,,1788,256,149,,23370,27843,25132,128013,39850,2377,1586,647,,23,4,2,,103,12,145,2224,8
20200927,TX,735132,15977,8888,21204,801,,,,242,688020,21204,25908,688020,15522,4629,1738,8618,288,,,,82,167,8618,6737,167
20200927,UT,70615,33803,1442,22659,1605,1288,2637,,7811,7098,22659,40858,7098,453,236,7,102,23,34,25,,37,23,102,328,23
20200927,VA,146144,42026,29186,34433,4469,174,,1067,3390,31399,34433,80312,31399,3159,1710,822,306,144,7,,3,50,117,306,2736,117
20200927,VI,1317,,,,,,,,,1317,,,1317,19,,,,,,,,,19,,,19
20200927,VT,1742,1453,174,,66,2,,,38,9,59,1678,5,58,55,,,2,,,,1,0,0,58,0
20200927,WA,86269,23023,3474,24325,2892,984,1459,1532,1170,27410,24325,34534,27410,2100,1440,66,289,152,53,32,23,40,5,289,1806,5
20200927,WI,122478,85449,11600,,2872,1322,,,9756,11479,20458,84555,17465,1291,959,234,,36,16,,,26,20,153,1113,25
20200927,WV,15348,11893,900,,,3,,,2552,0,,,,334,275,9,,,0,,,50,0,,,
20200927,WY,5633,3107,52,678,33,506,23,,267,1077,678,3988,1077,50,23,1,2,0,15,,,0,9,2,39,9
20200923,AK,7941,1865,280,,198,1310,269,275,245,3499,435,2886,4620,45,18,1,,3,16,5,0,0,2,1,40,4
20200923,AL,147153,44874,33099,,516,,,,10159,58502,7523,63590,76026,2488,1267,921,,8,,,,54,236,67,1977,444
20200923,AR,77963,44127,16528,,915,207,2338,613,5223,8012,14657,63305,1,1229,699,239,,13,2,43,7,54,172,79,1150,0
20200923,AS,,,,,,,,,,,,,,,,,,,,,,,,,,
20200923,AZ,215284,52874,6509,65732,2180,12602,,,7014,68373,65732,81179,68373,5525,1845,174,1681,64,579,,,90,624,1681,3220,624
20200923,CA,787470,92581,23232,332405,30073,1409,2967,5653,56189,242961,332405,212104,242961,15204,4440,1151,7223,1739,46,66,105,119,315,7223,7666,315
20200923,CO,66669,24707,2880,24587,1293,366,260,873,526,11173,24587,30905,,1926,1202,122,448,60,13,6,27,8,36,448,1438,36
20200923,CT,56315,19676,7351,11067,825,55,,265,462,16614,11067,28634,16614,4497,3287,662,400,49,2,,35,21,41,400,4056,41
20200923,DC,15050,3311,7711,,243,38,41,,3620,86,3841,9931,1278,621,67,462,78,8,,,,0,6,78,537,6
20200923,DE,19830,7210,5271,4606,257,,,,923,1563,4606,13661,1563,629,405,162,49,1,,,,12,0,49,580,0
20200923,FL,690499,174466,101411,198017,,,,,45078,171527,198017,277958,214524,13782,6493,2502,3446,,,,,572,769,3446,8846,1490
20200923,GA,309678,93310,79891,39548,4841,187,286,,8599,83016,39548,155529,114601,6773,3292,2783,420,124,6,6,,28,114,420,6209,144
20200923,GU,2235,253,,,567,,1001,,192,222,,,,37,,,,,,,,,37,,,37
20200923,HI,11689,934,126,,1983,,2224,,298,6124,,,,122,8,5,,49,,26,,5,29,,,
20200923,IA,83225,57681,4944,,2472,824,824,,1648,14832,11536,56857,14008,1294,1052,49,,26,5,12,,5,142,73,1065,155
20200923,ID,38743,18894,354,,287,580,96,1258,3999,13275,6901,13924,17917,454,431,4,,3,6,,,5,5,55,395,4
20200923,IL,281312,80971,38629,72653,6326,355,509,,10058,71811,72653,136848,71811,8744,4020,2211,1716,379,12,10,,48,348,1716,6680,112
20200923,IN,113337,61161,11105,,1286,,,,16579,23206,9931,41852,61554,3530,2179,444,,18,,,,428,461,76,1678,1776
20200923,KS,55226,36785,3944,,1426,413,,,3195,9463,14101,28555,12570,621,442,85,,13,7,,,41,33,91,480,50
20200923,KY,63517,34215,5015,,516,153,59,2516,,21043,4411,35622,23484,1124,854,132,,12,0,,27,,99,35,953,136
20200923,LA,163869,63233,59447,,8036,430,183,,14771,17769,,,163869,5407,2725,2417,,35,4,7,,31,188,140,4969,298
20200923,MA,128512,40382,12172,29301,2846,,,,8166,35645,29301,63566,35645,9347,7058,759,646,232,,,,593,59,646,8642,59
20200923,MD,121297,30087,38590,26458,2295,,,,5574,18293,26458,76546,18293,3902,1662,1597,448,145,,,,40,10,448,3444,10
20200923,ME,5171,3443,968,,115,12,3,26,141,463,202,4171,798,140,121,4,,0,0,0,0,0,15,0,114,26
20200923,MI,131259,63674,27087,,2468,577,,8709,8325,20419,9489,81844,39926,7013,3800,2675,,90,20,,100,140,188,200,5688,1125
20200923,MN,92100,44053,16426,14643,4948,769,131,1168,1551,8411,14643,69046,8411,2037,1537,189,96,93,36,2,13,7,64,96,1877,64
20200923,MO,116946,28067,11695,,,,,2339,2339,72506,8010,66670,42263,1947,969,490,,,,,17,60,411,79,1865,1
20200923,MP,69,,,,,,,,,69,,,,2,,,,,,,,,2,,,
20200923,MS,94573,33265,37313,2772,337,1272,,,5616,13998,2772,57988,33813,2870,1319,1326,38,6,85,,,37,60,38,2431,401
20200923,MT,10912,5477,69,,35,1871,,,102,3358,368,6833,3711,165,80,,,,47,,,,38,,,
20200923,NC,196501,88868,36406,,3010,2433,301,,23796,41687,45123,86256,65122,3316,1890,962,,42,44,4,,211,163,287,2655,374
20200923,ND,18981,10573,1242,,276,1014,,303,37,5536,,,18981,156,,,,,,,,,156,,,156
20200923,NE,42278,26000,2300,,1500,407,65,,1900,10106,11700,19000,11578,462,363,33,,18,11,0,,12,25,90,316,56
20200923,NH,8007,5229,379,1002,220,,,,254,923,1002,6082,923,438,401,9,12,4,,,,1,11,12,415,11
20200923,NJ,200988,48737,21079,38678,6599,,,,15074,70821,38678,91489,70821,16082,8578,2846,3180,872,,,,298,308,3180,12594,308
20200923,NM,27987,4128,506,12720,181,8396,,,,2056,12720,13211,2056,857,173,7,159,2,404,,,,112,159,586,112
20200923,NV,76807,16047,4797,25842,4350,297,,,5830,19644,25842,31321,19644,1556,527,125,242,129,8,,,5,520,242,794,520
20200923,NY,451892,,,,,,,,,451892,,,,28699,8801,6451,6795,1718,,,,1848,3086,6795,18818,3086
20200923,OH,146753,82075,29759,,3703,182,193,4498,9438,16905,8954,105677,32122,4687,3618,854,,47,4,2,62,32,68,102,4468,117
20200923,OK,80161,45362,5749,,2716,7836,,,3173,15325,13232,44327,22602,970,693,65,,21,98,,,30,63,63,758,149
20200923,OR,31503,13044,1057,,933,793,577,584,10782,3733,12331,15559,3613,538,355,12,,19,12,7,9,59,65,74,373,91
20200923,PA,152544,57739,20348,,2670,,,,1475,70312,12637,39968,99939,8062,5738,1651,,166,,,,379,128,468,7466,128
20200923,PR,42660,,,,,,,,,42660,,,,617,,,,,,,,,617,,,
20200923,RI,24177,6830,2230,8187,359,72,0,156,316,6027,8187,9963,6027,1102,724,56,104,13,1,0,1,0,203,104,795,203
20200923,SC,141686,54045,37318,,1345,,,,9280,39698,11262,73360,57064,3262,1569,1141,,23,,,,81,448,101,2367,794
20200923,SD,19634,11791,1253,1506,783,2353,,,1948,0,1506,18128,0,202,130,2,6,5,42,,,17,0,6,196,0
20200923,TN,186709,101155,34474,,1719,254,144,,23027,25936,24874,123915,37920,2275,1513,624,,21,4,2,,99,12,140,2123,12
20200923,TX,719599,15798,8797,21074,793,,,,241,672896,21074,25629,672896,15129,4552,1713,8488,286,,,,82,8,8488,6633,8
20200923,UT,65921,30860,1381,21669,1519,1227,2513,,7311,6722,21669,37530,6722,444,229,7,100,23,34,24,,36,24,100,320,24
20200923,VA,142590,40376,28496,33794,4344,171,,1030,3335,31044,33794,77752,31044,3089,1671,806,300,144,6,,3,51,108,300,2681,108
20200923,VI,1290,,,,,,,,,1290,,,1290,19,,,,,,,,,19,,,19
20200923,VT,1722,1433,174,,66,2,,,38,9,59,1658,5,58,55,,,2,,,,1,0,0,58,0
20200923,WA,83702,22399,3419,23950,2821,961,1442,1503,1160,26047,23950,33705,26047,2081,1386,68,293,153,53,32,23,40,33,293,1755,33
20200923,WI,112222,77222,11242,,2690,1191,,,9269,10608,19540,76931,15751,1268,940,233,,35,16,,,25,19,150,1094,24
20200923,WV,14504,11377,873,,,2,,,2252,0,,,,319,266,7,,,0,,,46,0,,,
20200923,WY,5169,2778,48,646,34,502,17,,253,1015,646,3632,1015,50,23,1,2,0,15,,,0,9,2,39,9
20200920,AK,7767,1713,264,,177,1214,264,248,239,3648,410,2584,4773,45,18,1,,3,16,5,0,0,2,1,40,4
20200920,AL,144962,43924,32754,,509,,,,9759,58000,7473,62555,74933,2437,1248,902,,8,,,,52,227,65,1941,430
20200920,AR,75723,42632,16053,,891,199,2271,603,5149,7925,14463,61259,1,1181,670,231,,13,2,43,7,52,163,76,1105,0
20200920,AS,,,,,,,,,,,,,,,,,,,,,,,,,,
20200920,AZ,214018,52313,6481,65389,2152,12543,,,6932,68208,65389,80421,68208,5476,1845,170,1675,64,577,,,90,613,1675,3188,613
20200920,CA,778400,91202,22921,328275,29647,1378,2938,5547,55702,240790,328275,209335,240790,14987,4369,1134,7120,1717,45,65,103,115,319,7120,7548,319
20200920,CO,64857,24327,2866,24191,1271,363,259,875,505,10195,24191,30466,,1913,1196,121,442,59,13,6,27,8,36,442,1430,36
20200920,CT,55527,19472,7306,10887,815,53,,239,396,16359,10887,28281,16359,4492,3283,662,400,48,2,,35,21,41,400,4051,41
20200920,DC,14955,3276,7652,,240,38,41,,3604,104,3824,9836,1295,620,67,461,78,8,,,,0,6,78,536,6
20200920,DE,19566,7085,5199,4547,256,,,,911,1568,4547,13451,1568,621,400,160,48,1,,,,12,0,48,573,0
20200920,FL,683754,171108,100333,195941,,,,,44539,171833,195941,272503,215310,13459,6336,2451,3352,,,,,562,758,3352,8621,1486
20200920,GA,306155,90937,78415,38998,4740,183,281,,8506,84095,38998,151946,115211,6602,3202,2727,414,122,6,6,,23,102,414,6057,131
20200920,GU,2117,251,,,534,,914,,200,218,,,,34,,,,,,,,,34,,,34
20200920,HI,11403,934,126,,1983,,2224,,298,5838,,,,120,8,5,,49,,26,,5,27,,,
20200920,IA,80281,55396,4817,,2408,802,802,,1605,14451,11239,55396,14451,1265,1029,46,,26,5,13,,5,139,70,1042,151
20200920,ID,37491,18178,351,,280,546,95,1237,3908,12896,6704,13368,17418,443,415,4,,3,6,,,7,8,51,383,9
20200920,IL,276456,78956,38217,71718,6253,350,496,,9889,70577,71718,134161,70577,8686,3965,2199,1705,378,12,10,,50,367,1705,6614,131
20200920,IN,111505,59537,10911,,1263,,,,16297,23497,9832,41221,60452,3506,2163,442,,17,,,,428,456,74,1670,1762
20200920,KS,52285,34611,3765,,1379,389,,,3006,9135,13599,26663,12023,596,425,84,,13,6,,,38,30,89,461,46
20200920,KY,61542,33392,4870,,516,153,58,2441,,20112,4339,34443,22760,1111,845,131,,11,0,,25,,99,34,937,140
20200920,LA,162258,60748,58240,,7806,415,183,,14428,20438,,,162258,5366,2657,2371,,34,4,6,,28,266,137,4859,370
20200920,MA,127540,40066,12120,28940,2806,,,,8028,35580,28940,63020,35580,9310,7029,759,645,232,,,,591,54,645,8611,54
20200920,MD,120156,29686,38261,26242,2282,,,,5521,18164,26242,75750,18164,3879,1653,1589,445,143,,,,40,9,445,3425,9
20200920,ME,5079,3364,964,,114,12,3,23,141,458,201,4087,791,139,121,4,,0,0,0,0,0,14,0,114,25
20200920,MI,128087,61527,26884,,2398,556,,8516,8148,20058,9269,78791,40027,6969,3771,2666,,88,20,,101,138,185,199,5655,1115
20200920,MN,90017,42465,16290,14445,4848,745,130,1137,1539,8418,14445,67154,8418,2017,1520,189,95,92,36,2,12,13,64,95,1858,64
20200920,MO,112844,28211,11284,,,,,2257,2257,68835,7865,64129,40849,1795,953,475,,,,,17,61,289,62,1484,245
20200920,MP,68,,,,,,,,,68,,,,2,,,,,,,,,2,,,
20200920,MS,93364,32416,36900,2726,328,1264,,,5545,14185,2726,56881,33757,2810,1280,1307,38,6,85,,,37,58,38,2383,389
20200920,MT,10299,5306,69,,35,1772,,,96,3021,364,6601,3334,157,65,,,,33,,,,59,,,
20200920,NC,193581,87065,35668,,2931,2403,295,,23457,41762,44653,84288,64640,3243,1850,940,,41,44,4,,209,155,286,2595,362
20200920,ND,17958,9864,1220,,290,973,,271,35,5305,,,17958,142,,,,,,,,,142,,,142
20200920,NE,41083,25700,2200,,1500,412,65,,1900,9306,11700,18700,10683,442,345,33,,18,11,0,,12,23,89,300,53
20200920,NH,7947,5173,377,990,218,,,,251,938,990,6019,938,438,401,9,12,4,,,,1,11,12,415,11
20200920,NJ,199762,48200,20958,38471,6553,,,,14892,70688,38471,90603,70688,16067,8578,2846,3180,872,,,,298,293,3180,12594,293
20200920,NM,27579,4029,493,12476,176,8350,,,,2055,12476,13048,2055,849,173,7,159,2,404,,,,104,159,586,104
20200920,NV,75804,15835,4750,25296,4274,298,,,5981,19370,25296,31138,19370,1531,503,118,234,117,8,,,10,541,234,756,541
20200920,NY,449900,,,,,,,,,449900,,,,28694,8800,6451,6794,1718,,,,1846,3085,6794,18815,3085
20200920,OH,144309,80216,29543,,3639,181,189,4431,9342,16768,8814,103612,31883,4615,3566,842,,47,3,2,62,31,62,101,4410,104
20200920,OK,76807,43217,5441,,2643,7503,,,3022,14981,13232,44327,19248,946,683,60,,21,93,,,29,60,63,758,125
20200920,OR,30801,12403,1024,,901,775,563,555,10520,4060,12042,14806,3953,526,343,12,,19,12,7,8,55,70,70,361,95
20200920,PA,150578,55974,19889,,2561,,,,3024,69130,12417,38127,100034,7981,5738,1651,,166,,,,379,47,468,7466,47
20200920,PR,41838,,,,,,,,,41838,,,,608,,,,,,,,,608,,,
20200920,RI,23620,6549,2187,7983,353,70,0,150,301,6027,7983,9610,6027,1088,711,54,102,13,1,0,1,0,206,102,780,206
20200920,SC,137708,51955,36314,,1312,,,,9059,39068,10951,70574,56183,3199,1534,1118,,23,,,,81,443,100,2317,782
20200920,SD,18696,11060,1236,1491,780,2270,,,1859,0,1491,17205,0,202,130,2,6,5,42,,,17,0,6,196,0
20200920,TN,183514,97973,33861,,1686,245,139,,22856,26754,24624,119642,39248,2218,1459,610,,20,4,2,,101,22,140,2063,15
20200920,TX,688534,15399,8587,20728,789,,,,236,642795,20728,25011,642795,14893,4489,1691,8342,282,,,,81,8,8342,6543,8
20200920,UT,63772,29419,1347,21229,1472,1208,2484,,7109,6627,21229,35916,6627,440,227,7,99,23,34,24,,36,23,99,318,23
20200920,VA,140511,39384,27948,33396,4255,166,,974,3310,31078,33396,76037,31078,3015,1628,781,297,144,5,,3,49,108,297,2610,108
20200920,VI,1269,,,,,,,,,1269,,,,19,,,,,,,,,19,,,
20200920,VT,1715,1425,174,,66,2,,,38,10,59,1652,4,58,55,,,2,,,,1,0,0,58,0
20200920,WA,82548,21944,3360,23739,2776,941,1419,1495,1156,25718,23739,33091,25718,2037,1357,68,288,151,53,32,23,40,25,288,1724,25
20200920,WI,107292,73238,11070,,2615,1125,,,8995,10249,19084,73139,15069,1250,925,232,,34,16,,,24,19,147,1080,23
20200920,WV,14054,10950,856,,,2,,,2246,287,,,,310,58,3,,,,,,,249,,,
20200920,WY,4871,2598,45,626,32,490,16,,239,949,626,3420,949,49,22,1,2,0,15,,,0,9,2,38,9
20200916,AK,7365,1647,247,,168,1124,253,228,220,3478,396,2498,4471,44,18,0,,3,16,5,0,0,2,1,40,3
20200916,AL,141087,42656,32327,,497,,,,9194,56411,7383,61300,72390,2392,1230,893,,8,,,,52,209,64,1920,407
20200916,AR,72219,40731,15527,,865,188,2238,583,5055,7032,14227,57991,1,1157,659,224,,13,2,43,7,52,157,77,1080,1157
20200916,AS,,,,,,,,,,,,,,,,,,,,,,,,,,
20200916,AZ,209907,50386,6366,63752,2047,12442,,,6848,68066,63752,78089,68066,5371,1845,169,1639,62,566,,,89,603,1639,3129,603
20200916,CA,762963,88615,22345,318025,28773,1315,2874,5273,55644,240099,318025,204839,240099,14615,4243,1101,6939,1673,42,58,98,110,351,6939,7325,351
20200916,CO,62099,23032,2806,23349,1223,335,242,832,496,9780,23349,28966,,1905,1192,121,441,60,13,5,26,8,35,441,1425,35
20200916,CT,55166,19362,7263,10813,811,53,,236,384,16244,10813,28109,16244,4487,3279,661,400,48,2,,35,21,41,400,4046,41
20200916,DC,14743,3206,7566,,230,37,39,,3573,92,3780,9681,1282,617,67,459,77,8,,,,0,6,77,534,6
20200916,DE,19234,6914,5104,4528,256,,,,893,1539,4528,13167,1539,619,398,160,48,1,,,,12,0,48,571,0
20200916,FL,671201,165636,98469,192387,,,,,43502,171207,192387,263248,215566,13100,6169,2394,3246,,,,,548,743,3246,8395,1459
20200916,GA,299056,87253,76495,38142,4565,177,323,,8351,83750,38142,146662,114252,6419,3106,2688,401,119,6,8,,21,70,401,5932,86
20200916,GU,2013,249,,,513,,874,,193,184,,,,29,,,,,,,,,29,,,29
20200916,HI,10946,739,84,,1671,,1966,,231,6255,,,,103,7,5,,42,,24,,5,20,,,
20200916,IA,76302,53412,4578,,2289,763,763,,1526,12971,10682,52649,12971,1237,1011,45,,24,4,11,,6,132,69,1021,145
20200916,ID,36093,17509,346,,263,529,94,1205,3788,12359,6500,12834,16758,429,405,4,,3,5,,,5,7,50,373,6
20200916,IL,268246,75851,37577,70155,6146,343,491,,9665,68018,70155,130073,68018,8599,3911,2191,1689,377,12,11,,48,360,1689,6550,128
20200916,IN,107809,57510,10696,,1224,,,,15889,22490,9550,39657,58602,3472,2139,440,,17,,,,425,451,72,1660,1740
20200916,KS,50870,33504,3671,,1354,383,,,2913,9045,13333,25707,11830,586,416,83,,13,6,,,38,30,89,451,46
20200916,KY,58764,32130,4678,,516,147,55,2311,,18927,4253,32832,21679,1082,821,128,,12,0,,23,,98,34,907,141
20200916,LA,159865,60748,58240,,7806,415,183,,14428,18045,,,159865,5294,2657,2371,,34,4,6,,28,194,137,4859,298
20200916,MA,125699,39428,11989,28288,2757,,,,7832,35405,28288,62006,35405,9245,6978,752,642,232,,,,587,54,642,8549,54
20200916,MD,117888,28864,37639,25940,2249,,,,5437,17759,25940,74189,17759,3855,1643,1575,442,142,,,,40,13,442,3400,13
20200916,ME,4941,3247,961,,112,10,3,23,140,445,199,3982,760,138,121,4,,0,0,0,0,0,13,0,114,24
20200916,MI,125742,59727,26690,,2348,547,,8355,8051,20024,9109,77426,39207,6943,3749,2663,,88,19,,100,138,186,198,5629,1116
20200916,MN,85813,39675,16024,14110,4691,699,126,1099,1461,7928,14110,63775,7928,1985,1494,187,93,90,35,2,12,13,51,93,1827,51
20200916,MO,106587,27713,11725,,,,,2132,2132,62885,7599,60593,38403,1739,947,474,,,,,17,60,241,62,1443,233
20200916,MP,61,,,,,,,,,61,,,,2,,,,,,,,,2,,,
20200916,MS,91234,31587,36303,2691,319,1261,,,5493,13580,2691,55868,32675,2756,1250,1285,38,6,85,,,37,56,38,2338,380
20200916,MT,9431,5086,64,,34,1622,,,96,2529,359,6289,2783,141,65,,,,33,,,,43,,,
20200916,NC,188024,84156,34538,,2827,2315,291,,22873,41024,43888,81487,62649,3149,1795,912,,40,41,4,,203,154,279,2524,346
20200916,ND,16333,8956,1149,,256,878,,269,33,4792,,,16333,141,,,,,,,,,141,,,141
20200916,NE,39419,24900,2200,,1500,391,64,,1900,8464,11600,18100,9719,439,342,31,,18,11,0,,12,25,88,297,54
20200916,NH,7780,5064,372,971,215,,,,250,908,971,5901,908,438,401,9,12,4,,,,1,11,12,415,11
20200916,NJ,197792,47270,20768,38128,6464,,,,14575,70587,38128,89077,70587,16054,8578,2846,3180,872,,,,298,280,3180,12594,280
20200916,NM,27041,3931,484,12173,173,8315,,,,1965,12173,12903,1965,832,173,7,159,2,404,,,,87,159,586,87
20200916,NV,74248,15323,4659,24422,4159,288,,,6000,19397,24422,30429,19397,1494,494,114,223,116,8,,,10,529,223,742,529
20200916,NY,446366,,,,,,,,,446366,,,,28669,8790,6449,6788,1716,,,,1843,3083,6788,18798,3083
20200916,OH,140518,77635,29216,,3568,177,188,4289,9200,16245,8633,100748,31137,4555,3518,835,,46,3,2,62,31,58,100,4359,96
20200916,OK,72284,40613,5062,,2551,7014,,,2843,14201,12356,39762,20166,924,668,57,,21,91,,,29,58,61,714,149
20200916,OR,29850,12169,1016,,878,754,557,545,10381,3550,11884,14559,3407,521,344,12,,19,12,7,8,55,64,70,362,89
20200916,PA,146990,54174,19528,,2403,,,,2985,67900,12193,36958,97839,7903,5664,1634,,165,,,,374,66,464,7373,66
20200916,PR,38284,,,,,,,,,38284,,,,570,,,,,,,,,570,,,
20200916,RI,23358,6549,2187,7983,353,70,0,150,301,5765,7983,9610,5765,1081,711,54,102,13,1,0,1,0,199,102,780,199
20200916,SC,134122,50053,35419,,1266,,,,8851,38533,10722,68285,55115,3132,1492,1097,,22,,,,80,441,98,2261,773
20200916,SD,17291,10045,1211,1474,770,2119,,,1672,0,1474,15817,0,192,120,2,6,5,42,,,17,0,6,186,0
20200916,TN,177087,93765,33154,,1592,237,134,,22613,25592,24293,115632,37162,2151,1408,599,,20,4,2,,99,19,138,2001,12
20200916,TX,674772,14872,8297,20251,778,,,,231,630343,20251,24178,630343,14478,4373,1643,8096,279,,,,80,7,8096,6375,7
20200916,UT,59747,26905,1290,20483,1381,1160,2401,,6734,6222,20483,33042,6222,437,227,7,97,23,34,24,,35,22,97,318,22
20200916,VA,136359,37681,27108,32793,4083,165,,925,3237,30367,32793,73199,30367,2884,1551,750,287,140,5,,3,47,101,287,2496,101
20200916,VI,1232,,,,,,,,,1232,,,,19,,,,,,,,,19,,,
20200916,VT,1702,1414,174,,64,2,,,38,10,59,1637,6,58,55,,,2,,,,1,0,0,58,0
20200916,WA,80812,21483,3320,23442,2742,931,1420,1476,1148,24850,23442,32520,24850,2020,1343,67,284,150,53,32,23,40,28,284,1708,28
20200916,WI,98440,66346,10782,,2460,1017,,,8473,9362,18377,66478,13585,1237,914,232,,33,15,,,24,19,146,1069,22
20200916,WV,13196,10405,830,,,,2,,1959,0,,,,290,58,3,,,,,,,229,,,
20200916,WY,4566,2408,46,599,30,483,15,,224,889,599,3206,889,46,20,1,2,0,15,,,0,8,2,35,8
20200913,AK,7193,1618,245,,166,1076,242,216,218,3412,388,2441,4364,44,18,0,,3,16,5,0,0,2,1,40,3
20200913,AL,138755,41839,32090,,503,,,,8780,55554,7321,60356,71077,2351,1204,878,,8,,,,50,211,64,1889,398
20200913,AR,70219,39392,15097,,844,177,2247,564,4985,6913,14184,56034,1,981,619,218,,13,2,43,7,52,27,77,892,969
20200913,AS,,,,,,,,,,,,,,,,,,,,,,,,,,
20200913,AZ,208512,49863,6302,63363,1991,12370,,,6339,68284,63363,76865,68284,5322,1845,167,1630,61,562,,,89,594,1630,3098,594
20200913,CA,754923,87284,22091,313582,28330,1291,2842,5148,55387,238968,313582,202373,238968,14329,4165,1092,6824,1654,42,56,98,110,288,6824,7217,288
20200913,CO,61324,22646,2814,23192,1208,331,245,821,496,9566,23192,28561,,1889,1182,120,437,59,13,5,26,8,35,437,1413,35
20200913,CT,54326,19122,7181,10575,790,53,,195,351,16059,10575,27692,16059,4480,3273,661,399,48,2,,35,21,41,399,4040,41
20200913,DC,14592,3163,7497,,226,37,39,,3531,99,3753,9559,1280,616,66,459,77,8,,,,6,0,77,539,0
20200913,DE,18849,6735,5011,4442,249,,,,877,1535,4442,12872,1535,615,395,159,48,1,,,,12,0,48,567,0
20200913,FL,663994,162384,97451,190037,,,,,42887,171235,190037,258335,215622,12764,5999,2339,3177,,,,,535,714,3177,8171,1416
20200913,GA,294314,85153,75225,37617,4445,178,315,,8160,83221,37617,143533,113164,6333,3054,2650,394,118,7,8,,23,79,394,5837,102
20200913,GU,1891,242,,,489,,801,,171,188,,,,26,,,,,,,,,26,,,26
20200913,HI,10700,739,84,,1671,,1966,,231,6009,,,,99,,,,,,,,,99,,,
20200913,IA,72533,50049,4352,,2176,725,725,,1450,13056,10154,49323,13056,1219,997,43,,24,4,11,,5,131,68,1006,143
20200913,ID,35279,17038,345,,250,521,92,1190,3723,12120,6359,12456,16463,415,393,4,,3,5,,,5,5,48,363,4
20200913,IL,263466,73743,37197,69281,6036,335,485,,9550,66839,69281,127346,66839,8541,3872,2180,1679,376,12,10,,48,364,1679,6498,132
20200913,IN,105804,55682,10560,,1204,,,,15531,22827,9411,38923,57470,3438,2107,439,,17,,,,423,452,70,1647,1721
20200913,KS,48386,31776,3542,,1311,361,,,2781,8615,12966,24191,11229,511,362,79,,13,4,,,29,24,71,406,34
20200913,KY,56945,29522,4571,,516,144,55,2230,,19907,4114,31726,21105,1060,808,124,,11,0,,21,,96,33,891,136
20200913,LA,158390,58538,57063,,7584,405,184,,13959,20657,,,158390,5235,2554,2324,,34,4,6,,29,284,133,4713,389
20200913,MA,124826,39080,11924,27956,2722,,,,7753,35391,27956,61479,35391,9210,6949,751,641,232,,,,582,55,641,8514,55
20200913,MD,116110,28240,37138,25706,2217,,,,5378,17431,25706,72973,17431,3838,1637,1568,441,142,,,,41,9,441,3388,9
20200913,ME,4863,3184,954,,111,9,3,22,139,441,195,3923,745,136,119,4,,0,0,0,0,0,13,0,112,24
20200913,MI,123058,57797,26446,,2274,524,,8247,7850,19920,8921,75836,38301,6911,3724,2662,,86,19,,101,134,185,131,5602,1178
20200913,MN,84311,38588,15900,13979,4627,688,127,1079,1439,7884,13979,62448,7884,1971,1485,185,90,89,89,35,13,13,65,90,1816,65
20200913,MO,102747,27742,11302,,,,,2055,3082,58566,7459,58236,37050,1705,941,473,,,,,18,61,212,61,1416,226
20200913,MP,60,,,,,,,,,60,,,,2,,,,,,,,,2,,,
20200913,MS,89874,30818,35796,2652,305,1260,,,5496,13547,2652,54767,32455,2697,1220,1250,36,6,84,,,37,64,36,2267,394
20200913,MT,9021,4310,46,,29,1414,,,81,3141,304,5395,3322,135,65,,,,33,,,,37,,,
20200913,NC,184936,82264,33838,,2772,2272,281,,22484,41025,43339,79553,62044,3052,1726,894,,39,40,4,,197,152,272,2451,329
20200913,ND,15577,8430,1124,,250,852,,257,33,4631,,,15577,133,,,,,,,,,133,,,133
20200913,NE,38188,24300,2200,,1500,386,61,,1900,7841,11500,17500,9188,434,341,31,,18,11,0,,12,21,88,296,50
20200913,NH,7696,4999,366,961,209,,,,249,912,961,5823,912,436,400,9,12,4,,,,1,10,12,414,10
20200913,NJ,196634,46775,20690,37936,6425,,,,14489,70319,37936,88379,70319,16031,8554,2841,3169,870,,,,296,301,3169,12561,301
20200913,NM,26761,3850,473,11927,168,8279,,,,2064,11927,12770,2064,823,173,7,159,2,404,,,,78,159,586,78
20200913,NV,73537,15018,4556,23463,4064,288,,,6274,19874,23463,30200,19874,1452,477,110,212,112,8,,,10,523,212,717,523
20200913,NY,444365,,,,,,,,,444365,,,,28641,8777,6437,6777,1714,,,,1854,3082,6777,18782,3082
20200913,OH,137405,75220,28949,,3477,177,187,4162,9147,16086,8463,98148,30794,4415,3417,815,,46,3,2,59,27,46,95,4241,79
20200913,OK,69354,38827,4819,,2454,6713,,,2747,13794,12356,39762,17236,905,654,55,,21,88,,,29,58,61,714,130
20200913,OR,29337,11646,983,,827,718,549,525,10091,3998,11563,13830,3944,509,323,12,,19,11,7,8,50,79,65,340,104
20200913,PA,143881,52533,19258,,2269,,,,2854,66967,11960,35922,95999,7837,5664,1634,,165,,,,374,0,464,7373,0
20200913,PR,37380,,,,,,,,,37380,,,,539,,,,,,,,,539,,,
20200913,RI,22905,6326,2126,7807,342,70,0,143,288,5803,7807,9295,5803,1071,701,54,102,12,1,0,0,0,201,102,768,201
20200913,SC,131864,48735,34741,,1228,,,,8675,38485,10556,66498,54810,3064,1465,1072,,22,,,,80,425,99,2221,744
20200913,SD,16638,9566,1198,1459,769,2064,,,1582,0,1459,15179,0,184,114,2,6,5,42,,,15,0,6,178,0
20200913,TN,171824,89903,32340,,1541,229,132,,22157,25522,23983,111084,36757,2078,1350,589,,20,4,2,,96,17,134,1931,13
20200913,TX,659434,14529,8143,19961,771,,,,225,615805,19961,23668,615805,14190,4281,1620,7929,275,,,,78,7,7929,6254,7
20200913,UT,57875,25686,1268,20133,1341,1126,2364,,6607,6053,20133,31689,6053,433,224,7,97,23,34,23,,35,22,97,314,22
20200913,VA,133814,36441,26553,32448,3977,163,,894,3197,30141,32448,71225,30141,2724,1459,702,283,136,5,,2,43,94,283,2347,94
20200913,VI,1220,,,,,,,,,1220,,,,19,,,,,,,,,19,,,
20200913,VT,1684,1398,174,,64,2,,,37,9,59,1620,5,58,55,,,2,,,,1,0,0,58,0
20200913,WA,79826,21221,3279,23269,2710,910,1402,1459,1142,24434,23269,32123,24434,1991,1325,66,283,149,53,32,22,40,21,283,1687,21
20200913,WI,94679,63283,10669,,2402,964,,,8283,9078,18074,63533,13072,1218,898,231,,32,14,,,24,19,144,1051,23
20200913,WV,12699,10090,823,,,,2,,1784,0,,,,266,58,3,,,,,,,205,,,
20200913,WY,4346,2269,40,588,29,470,14,,217,854,588,3039,854,42,17,1,2,0,15,,,0,7,2,32,7
20200909,AK,6790,1549,230,,158,989,235,203,208,3218,376,2349,4065,42,18,0,,3,14,5,0,0,2,1,39,2
20200909,AL,134417,40524,31613,,490,,,,8200,53600,7232,58838,68346,2285,1166,861,,7,,,,48,203,64,1834,386
20200909,AR,66406,37400,14737,,856,209,2374,,5529,5301,13805,52601,0,928,594,212,,11,3,46,,60,2,74,852,2
20200909,AS,,,,,,,,,,,,,,,,,,,,,,,,,,
20200909,AZ,206541,48295,6181,62364,1938,12105,,,6170,69488,62364,74689,69488,5251,1845,163,1595,60,554,,,85,599,1595,3057,599
20200909,CA,739527,84646,21434,303310,27335,1247,2778,4846,55456,238475,303310,197742,238475,13841,4019,1049,6583,1587,41,59,90,154,259,6583,6999,259
20200909,CO,59920,22212,2792,22817,1192,335,239,808,491,9035,22817,28069,,1882,1179,119,436,59,13,5,25,8,34,436,1408,34
20200909,CT,53871,18987,7152,10450,783,53,,195,351,15900,10450,27521,15900,4474,3269,661,397,48,2,,35,21,41,397,4036,41
20200909,DC,14387,3102,7411,,221,37,38,,3508,70,3724,9409,1254,615,66,458,77,8,,,,6,0,77,538,0
20200909,DE,18308,6526,4833,4373,246,,,,856,1474,4373,12461,1474,609,392,158,46,1,,,,12,0,46,563,0
20200909,FL,652148,157142,95741,186410,,,,,42077,170778,186410,250886,214852,12269,5771,2263,3042,,,,,505,688,3042,7867,1360
20200909,GA,287287,81379,73115,36632,4219,166,308,,7899,83569,36632,138247,112408,6128,2965,2586,376,107,5,9,,18,62,376,5668,84
20200909,GU,1758,239,,,423,,783,,166,147,,,,21,,,,,,,,,21,,,21
20200909,HI,10123,664,72,,1494,,1830,,182,5881,,,,91,,,,,,,,,91,,,
20200909,IA,70230,47981,4172,,2781,695,695,,1390,12516,10430,47285,11821,1198,979,43,,25,5,11,,5,127,68,990,138
20200909,ID,34310,16518,337,,244,480,92,1161,3633,11845,6180,12044,16085,406,387,4,,2,4,,,5,4,48,355,3
20200909,IL,255618,70474,36611,67865,5902,329,479,,9322,64636,67865,123117,64636,8433,3809,2168,1657,372,12,9,,53,353,1657,6423,134
20200909,IN,101485,53601,10374,,1156,,,,15116,21238,9207,37549,54729,3397,2079,434,,17,,,,420,447,69,1625,1703
20200909,KS,47410,31093,3497,,1295,357,,,2703,8465,12797,23551,11062,495,350,78,,13,4,,,28,22,70,393,32
20200909,KY,53977,29485,4427,,516,140,55,2123,,17231,4112,30271,19594,1013,776,119,,11,0,,20,,87,32,858,123
20200909,LA,155890,58538,57063,,7584,405,184,,13959,18157,,,155890,5140,2554,2324,,34,4,6,,29,189,133,4713,294
20200909,MA,123143,38566,11819,27385,2672,,,,7549,35152,27385,60606,35152,9146,6901,747,639,229,,,,574,56,639,8451,56
20200909,MD,113575,27231,36495,25397,2176,,,,5249,17027,25397,71151,17027,3816,1622,1558,438,142,,,,40,16,438,3362,16
20200909,ME,4734,3067,946,,111,9,2,20,140,439,192,3805,737,134,119,4,,0,0,0,0,0,11,0,112,22
20200909,MI,119863,55719,26138,,2235,511,,8068,7659,19533,8687,72758,38418,6887,3702,2658,,85,20,,100,131,191,131,5569,1187
20200909,MN,81868,36872,15659,,4526,655,125,1052,1400,0,13737,60289,0,1921,1443,182,,87,35,2,11,7,52,86,1767,52
20200909,MO,96475,27978,11577,,,,,1930,2894,52096,7225,53900,35347,1673,941,475,,,,,18,61,178,58,1388,225
20200909,MP,58,,,,,,,,,58,,,,2,,,,,,,,,2,,,
20200909,MS,87805,29844,35135,2599,299,1253,,,5476,13199,2599,53417,31789,2623,1188,1220,36,6,84,,,38,51,36,2221,366
20200909,MT,8468,4210,45,,28,1322,,,78,2785,302,5210,2956,122,65,,,,33,,,,24,,,
20200909,NC,179532,79184,32669,,2649,2178,273,,21765,40814,42480,76301,60751,2958,1674,869,,35,38,4,,194,144,271,2369,318
20200909,ND,14110,7481,1064,,239,805,,240,31,4250,,,14110,129,,,,,,,,,129,,,129
20200909,NE,36917,23200,2200,,1500,370,57,,1900,7690,11300,16600,9017,421,319,29,,18,11,0,,12,32,87,273,61
20200909,NH,7494,4869,361,917,199,,,,255,893,917,5684,893,433,397,9,12,4,,,,2,9,12,412,9
20200909,NJ,194990,46034,20558,37627,6321,,,,14185,70265,37627,87098,70265,16009,8527,2836,3159,867,,,,293,327,3159,12523,327
20200909,NM,26268,3764,464,11718,168,8248,,,,1906,11718,12644,1906,813,173,7,159,2,404,,,,68,159,586,68
20200909,NV,72258,14523,4372,22262,3896,266,,,6478,20461,22262,29535,20461,1412,462,107,206,110,8,,,10,509,206,697,509
20200909,NY,441154,,,,,,,,,441154,,,,28603,8767,6437,6771,1712,,,,1841,3075,6771,18757,3075
20200909,OH,132965,71981,28571,,3334,172,185,3969,9060,15693,8248,94598,30119,4324,3352,800,,44,3,1,57,27,40,95,4157,72
20200909,OK,65929,36772,4581,,2390,6342,,,2603,13241,11620,35897,18412,863,629,51,,21,81,,,28,53,59,685,119
20200909,OR,28471,11468,978,,818,704,538,524,9987,3454,11446,13641,3384,494,319,12,,19,10,7,8,49,70,64,338,92
20200909,PA,141290,51166,19002,,2199,,,,2805,66118,11809,35104,94377,7805,5590,1619,,165,,,,368,63,459,7283,63
20200909,PR,35507,,,,,,,,,35507,,,,500,,,,,,,,,500,,,
20200909,RI,22676,6326,2126,7807,342,70,0,143,288,5574,7807,9295,5574,1062,701,54,102,12,1,0,0,0,192,102,768,192
20200909,SC,126213,46307,33991,,1164,,,,8412,36339,10320,63768,52125,2942,1402,1033,,20,,,,79,408,97,2127,718
20200909,SD,15571,8741,1194,1436,765,1954,,,1481,0,1436,14135,0,173,106,2,5,5,40,,,15,0,5,168,0
20200909,TN,166587,86311,31637,,1485,222,124,,21848,24960,23623,107106,35858,1931,1234,560,,18,4,2,,93,20,129,1775,27
20200909,TX,645791,14081,7903,19548,757,,,,219,603283,19548,22960,603283,13692,4134,1561,7646,267,,,,77,7,7646,6039,7
20200909,UT,55673,24347,1246,19712,1292,1095,2318,,6452,5754,19712,30207,5754,427,219,7,97,23,34,23,,35,21,97,309,21
20200909,VA,129289,34552,25734,31823,3829,156,,838,3142,29215,31823,68251,29215,2697,1441,697,281,135,5,,2,43,93,281,2323,93
20200909,VI,1197,,,,,,,,,1197,,,,18,,,,,,,,,18,,,
20200909,VT,1656,1371,174,,64,2,,,36,9,58,1593,5,58,55,,,2,,,,1,0,0,58,0
20200909,WA,78009,20520,3191,22890,2635,924,1455,1417,1131,23846,22890,31273,23846,1978,1314,65,282,146,52,32,22,40,25,282,1671,25
20200909,WI,88590,58582,10535,,2288,890,,,7775,8520,17603,58836,12151,1191,871,230,,31,14,,,24,21,140,1023,28
20200909,WV,11808,9461,797,,,,2,,1548,0,,,,252,58,3,,,,,,,191,,,
20200909,WY,4151,2164,38,559,28,464,14,,204,810,559,2912,810,42,17,1,2,0,15,,,0,7,2,32,7
20200906,AK,6656,1522,227,,155,947,234,192,201,3178,372,2309,3975,42,18,0,,3,14,5,0,0,2,1,39,2
20200906,AL,132314,39844,31327,,483,,,,7852,52817,7176,58039,67098,2276,1159,859,,7,,,,48,203,64,1827,386
20200906,AR,65377,36475,14439,,850,203,2372,,5781,5257,13686,51691,0,894,557,205,,11,3,46,,52,20,71,803,20
20200906,AS,,,,,,,,,,,,,,,,,,,,,,,,,,
20200906,AZ,205766,47941,6169,62127,1914,12056,,,6113,69446,62127,74193,69446,5221,1845,162,1585,59,549,,,85,604,1585,3032,604
20200906,CA,732144,83259,21102,297838,26887,1230,2748,4732,55302,239046,297838,195260,239046,13709,3954,1038,6488,1572,39,59,87,159,313,6488,6908,313
20200906,CO,59274,21777,2768,22541,1179,331,231,800,486,9163,22541,27572,,1866,1169,120,431,58,13,5,25,7,34,431,1397,34
20200906,CT,53365,18744,7081,10354,776,52,,193,347,15818,10354,27193,15818,4468,3266,659,396,48,2,,35,21,41,396,4031,41
20200906,DC,14279,3074,7343,,218,36,38,,3492,78,3705,9310,1264,611,64,456,77,8,,,,6,0,77,534,0
20200906,DE,18043,6394,4769,4331,242,,,,845,1462,4331,12250,1462,609,377,157,46,1,,,,9,19,46,544,19
20200906,FL,646431,154341,94828,184231,,,,,41330,171701,184231,246567,215633,12001,5665,2207,2960,,,,,494,675,2960,7711,1330
20200906,GA,283199,79282,72187,36233,4105,166,299,,7736,83191,36233,135644,111322,6037,2920,2558,367,106,5,9,,16,56,367,5595,75
20200906,GU,1671,232,,,359,,677,,156,247,,,,16,,,,,,,,,16,,,16
20200906,HI,9855,664,72,,1494,,1830,,182,5613,,,,85,,,,,,,,,85,,,
20200906,IA,69040,47168,4101,,2734,683,683,,1367,12304,10254,46484,12304,1166,952,41,,24,5,12,,5,123,68,961,135
20200906,ID,33667,16202,336,,241,420,92,1150,3555,11671,6058,11770,15838,385,363,4,,2,2,,,5,9,46,331,8
20200906,IL,251508,68823,36348,67136,5833,328,476,,9172,63392,67136,120980,63392,8390,3780,2163,1648,372,12,9,,53,353,1648,6389,134
20200906,IN,99804,51960,10230,,1146,,,,14780,21688,9114,36827,53863,3364,2048,432,,17,,,,417,450,68,1608,1688
20200906,KS,45220,29589,3376,,1268,328,,,2558,8101,12512,22203,10505,481,342,75,,13,4,,,26,21,69,381,31
20200906,KY,52774,28511,4323,,516,135,53,1988,,17248,4027,29563,19184,996,760,117,,11,0,,21,,87,30,844,122
20200906,LA,153764,55881,55541,,7340,389,178,,13585,20850,,,153764,5093,2481,2282,,32,4,6,,25,263,130,4583,380
20200906,MA,122562,38347,11750,27135,2648,,,,7486,35196,27135,60231,35196,9125,6887,746,637,229,,,,572,54,637,8434,54
20200906,MD,112119,26702,36059,25235,2147,,,,5184,16792,25235,70092,16792,3799,1617,1553,435,142,,,,40,12,435,3352,12
20200906,ME,4682,3012,942,,110,9,2,22,139,446,191,3749,742,134,119,4,,0,0,0,0,0,11,0,112,22
20200906,MI,117191,53958,25918,,2185,504,,7913,7363,19350,8497,71164,37530,6806,3649,2619,,86,20,,105,131,196,130,5488,1188
20200906,MN,80587,35928,15496,,4464,653,125,1036,1373,0,13597,59075,0,1909,1435,181,,86,35,2,11,7,52,86,1757,52
20200906,MO,93434,28030,12146,,,,,1869,2803,48586,7091,52285,34056,1658,938,474,,,,,18,61,167,59,1376,222
20200906,MP,58,,,,,,,,,58,,,,2,,,,,,,,,2,,,
20200906,MS,86888,29259,34791,2561,291,1251,,,5413,13322,2561,52658,31669,2584,1161,1200,36,6,84,,,38,59,36,2190,358
20200906,MT,8264,4128,44,,28,1308,,,77,2679,295,5110,2859,117,54,,,,25,,,,38,,,
20200906,NC,176901,77710,32140,,2589,2140,275,,21460,40587,42060,74816,60025,2890,1634,845,,35,37,4,,192,143,270,2309,311
20200906,ND,13631,7151,1046,,231,794,,234,30,4145,,,13631,125,,,,,,,,,125,,,125
20200906,NE,35886,22000,2100,,1500,355,54,,1800,8077,11100,15500,9286,404,313,29,,18,10,0,,12,22,87,267,50
20200906,NH,7447,4830,361,911,197,,,,255,893,911,5643,893,433,397,9,12,4,,,,2,9,12,412,9
20200906,NJ,194058,45715,20486,37458,6266,,,,14038,70095,37458,86505,70095,15989,8527,2836,3159,867,,,,293,307,3159,12523,307
20200906,NM,26107,3730,464,11615,164,8228,,,,1906,11615,12586,1906,803,173,7,159,2,404,,,,58,159,586,58
20200906,NV,71610,14304,4293,21808,3813,263,,,6527,20602,21808,29200,20602,1389,458,107,204,109,8,,,10,493,204,692,493
20200906,NY,439501,,,,,,,,,439501,,,,28579,8759,6433,6761,1710,,,,1841,3075,6761,18743,3075
20200906,OH,130558,70301,28377,,3282,170,181,3862,8754,15631,8063,92693,29802,4259,3302,792,,42,3,1,55,25,39,94,4099,66
20200906,OK,63607,35353,4466,,2350,6137,,,2521,12780,11620,35897,16090,853,621,51,,20,80,,,28,53,59,685,109
20200906,OR,28044,11029,948,,795,679,526,515,9650,3902,11054,13130,3860,481,311,12,,18,10,7,8,47,68,62,331,88
20200906,PA,139316,50065,18768,,2136,,,,2647,65700,11600,34620,93096,7760,5590,1619,,165,,,,368,18,459,7283,18
20200906,PR,34533,,,,,,,,,34533,,,,477,,,,,,,,,477,,,
20200906,RI,22243,6151,2085,7617,324,68,,142,281,5575,7617,9051,5575,1055,701,53,93,11,1,,0,0,196,93,766,196
20200906,SC,124952,45474,33603,,1136,,,,8340,36399,10227,62672,52053,2887,1368,1019,,19,,,,77,404,96,2083,708
20200906,SD,15109,8394,1187,1423,761,1920,,,1424,0,1423,13686,0,173,106,2,5,5,40,,,15,0,5,168,0
20200906,TN,164126,83815,31000,,1452,218,121,,21720,25800,23385,103566,37175,1865,1184,549,,18,4,2,,92,16,127,1718,20
20200906,TX,638310,13977,7839,19423,757,,,,220,596094,19423,22793,596094,13472,4069,1539,7519,264,,,,76,5,7519,5948,5
20200906,UT,54660,23665,1229,19491,1267,1086,2304,,6369,5716,19491,29453,5716,422,217,7,95,22,34,23,,35,21,95,306,21
20200906,VA,126926,33483,25193,31528,3745,154,,784,3088,28951,31528,66447,28951,2678,1435,689,281,133,5,,3,43,89,281,2308,89
20200906,VI,1181,,,,,,,,,1181,,,,17,,,,,,,,,17,,,
20200906,VT,1648,1363,174,,63,2,,,36,10,58,1585,5,58,55,,,2,,,,1,0,0,58,0
20200906,WA,77235,20338,3175,22728,2618,910,1424,1411,1128,23503,22728,31004,23503,1953,1296,65,275,146,51,31,22,39,28,275,1650,28
20200906,WI,86353,56823,10460,,2259,851,,,7588,8372,17431,57059,11863,1176,858,228,,31,13,,,26,20,137,1012,27
20200906,WV,11412,9038,786,,,,1,,1588,0,,,,246,58,3,,,,,,,185,,,
20200906,WY,4032,2092,37,544,27,462,13,,195,781,544,2826,781,42,17,1,2,0,15,,,0,7,2,32,7
20200902,AK,6233,1446,213,,147,845,223,175,185,2999,362,2192,3679,39,16,0,,3,14,5,0,0,1,0,38,1
20200902,AL,128239,38610,30902,,461,,,,7506,50757,7093,56639,64494,2217,1130,849,,7,,,,47,182,63,1788,365
20200902,AR,62112,34651,13864,,823,191,2369,,5070,5144,13431,48681,0,841,526,200,,11,3,46,,49,6,67,768,6
20200902,AS,,,,,,,,,,,,,,,,,,,,,,,,,,
20200902,AZ,202861,46989,6074,61219,1857,11972,,,5999,68751,61219,72891,68751,5065,1845,156,1526,57,542,,,83,597,1526,2942,597
20200902,CA,712052,80166,20245,284716,25812,1174,2664,4377,55505,237393,284716,189943,237393,13163,3773,996,6206,1504,41,56,77,147,363,6206,6594,363
20200902,CO,58019,21455,2750,22203,1166,324,226,794,475,8615,22203,27190,,1853,1164,120,423,58,13,5,25,7,33,423,1392,33
20200902,CT,53108,18651,7040,10288,772,52,,192,348,15765,10288,27055,15765,4467,3265,659,396,48,2,,35,21,41,396,4030,41
20200902,DC,14077,3006,7245,,216,36,38,,3297,239,3668,9150,1259,608,64,453,77,8,,,,6,0,77,531,0
20200902,DE,17549,6192,4598,4271,230,,,,817,1441,4271,11837,1441,606,371,155,44,1,,,,9,26,44,536,26
20200902,FL,633442,148457,92891,179990,,,,,39670,172434,179990,238758,214694,11651,5500,2155,2866,,,,,478,652,2866,7503,1282
20200902,GA,274613,75370,70480,35229,3899,163,287,,7573,81612,35229,130219,109165,5795,2798,2471,354,102,5,8,,15,42,354,5376,65
20200902,GU,1494,229,,,337,,628,,148,152,,,,13,,,,,,,,,13,,,13
20200902,HI,8991,536,53,,1367,,1518,,154,5363,,,,75,,,,,,,,,75,,,
20200902,IA,66924,45722,4638,,2650,662,662,,1325,11265,9939,45060,11265,1126,920,41,,24,4,12,,4,115,67,932,125
20200902,ID,32664,15759,331,,233,395,89,1131,3457,11269,5904,11430,15329,372,356,4,,2,2,,,5,3,45,326,1
20200902,IL,240345,64534,35497,65466,5643,319,468,,8786,59632,65466,115247,59632,8300,3716,2155,1636,371,12,9,,53,348,1636,6316,139
20200902,IN,95750,49791,10067,,1098,,,,14380,20414,8892,35076,51782,3325,2025,431,,17,,,,412,440,68,1596,1661
20200902,KS,43940,28700,3288,,1244,315,,,2448,7945,12322,21419,10199,458,328,71,,12,4,,,24,19,69,361,28
20200902,KY,49991,26576,4149,,516,130,53,1902,,16665,3881,28248,17862,966,736,116,,10,0,,20,,84,31,818,117
20200902,LA,150734,55881,55541,,7340,389,178,,13585,17820,,,150734,5004,2481,2282,,32,4,6,,25,174,130,4583,291
20200902,MA,121131,37870,11648,26579,2612,,,,7323,35099,26579,59453,35099,9060,6831,744,628,229,,,,571,57,628,8375,57
20200902,MD,109319,25541,35232,24952,2082,,,,5069,16443,24952,67924,16443,3766,1600,1543,433,139,,,,39,12,433,3321,12
20200902,ME,4567,2925,934,,110,9,2,20,135,432,191,3654,722,133,117,4,,0,0,0,0,0,12,0,111,22
20200902,MI,114468,52333,25690,,2141,490,,7736,7087,18991,8296,69485,36687,6781,3628,2616,,86,20,,104,131,196,130,5467,1184
20200902,MN,77085,33887,15182,,4313,626,118,976,1337,0,13304,56439,0,1882,1413,179,,84,34,2,11,7,52,86,1730,52
20200902,MO,87213,27908,12210,,,,,2616,2616,41863,6898,49144,31116,1542,895,459,,,,,13,57,118,52,1296,191
20200902,MP,57,,,,,,,,,57,,,,2,,,,,,,,,2,,,
20200902,MS,84365,28100,34137,2503,287,1245,,,5308,12785,2503,51288,30574,2526,1138,1187,35,4,84,,,35,43,35,2171,320
20200902,MT,7691,4017,43,,27,1235,,,75,2294,284,4961,2446,109,54,,,,25,,,,30,,,
20200902,NC,170553,74290,30995,,2442,2053,273,,20619,39881,41182,71528,57843,2779,1566,812,,34,36,4,,191,136,270,2228,281
20200902,ND,12267,6311,995,,225,751,,209,29,3747,,,12267,122,,,,,,,,,122,,,122
20200902,NE,34995,21900,2100,,1500,347,54,,1800,7294,11100,15400,8495,399,313,29,,18,10,0,,12,17,87,267,45
20200902,NH,7309,4744,358,885,193,,,,248,881,885,5543,881,432,396,9,12,4,,,,2,9,12,411,9
20200902,NJ,192595,45083,20367,37167,6186,,,,13796,69996,37167,85432,69996,15964,8508,2826,3147,867,,,,287,329,3147,12488,329
20200902,NM,25612,3649,453,11271,163,8190,,,,1886,11271,12455,1886,790,173,7,159,2,404,,,,45,159,586,45
20200902,NV,69872,13885,4132,21035,3690,254,,,6495,20381,21035,28456,20381,1336,448,104,197,105,8,,,10,464,197,675,464
20200902,NY,436218,,,,,,,,,436218,,,,28549,8741,6429,6759,1707,,,,1840,3073,6759,18717,3073
20200902,OH,125767,67180,27993,,3196,173,180,3708,8078,15259,7847,89321,28599,4176,3235,778,,42,3,1,55,25,37,93,4019,64
20200902,OK,60118,33229,4258,,2236,5766,,,2394,12235,10894,32169,17055,821,596,49,,20,78,,,28,50,54,635,132
20200902,OR,27075,10822,929,,775,665,522,511,9502,3349,10859,12906,3310,468,309,11,,18,10,7,7,43,63,58,327,83
20200902,PA,135611,48535,18434,,2008,,,,2151,64483,11301,33630,90680,7712,5520,1608,,162,,,,365,57,453,7202,57
20200902,PR,34003,,,,,,,,,34003,,,,443,,,,,,,,,443,,,
20200902,RI,22078,5887,1938,7574,,,,,623,6056,7574,8448,6056,1051,685,53,96,,,,,14,203,96,752,203
20200902,SC,120503,43376,32773,,1095,,,,7966,35293,9987,60261,50255,2794,1315,991,,18,,,,75,395,94,2007,693
20200902,SD,14003,7530,1161,1394,755,1829,,,1334,0,1394,12609,0,169,103,2,5,5,39,,,15,0,5,164,0
20200902,TN,157831,79780,30177,,1377,208,115,,21157,25017,22834,99278,35719,1797,1128,539,,17,4,2,,90,17,127,1652,18
20200902,TX,621667,13814,7745,19211,754,,,,217,579926,19211,22530,579926,12870,3913,1493,7129,257,,,,74,4,7129,5737,4
20200902,UT,52822,22545,1210,19111,1240,1063,2258,,6168,5564,19111,28147,5564,410,209,7,91,22,33,23,,34,22,91,297,22
20200902,VA,122542,31682,24243,30966,3585,146,,715,2999,28206,30966,63370,28206,2641,1420,678,279,130,5,,3,42,84,279,2278,84
20200902,VI,1144,,,,,,,,,1144,,,,15,,,,,,,,,15,,,
20200902,VT,1637,1352,174,,62,2,,,37,10,59,1573,5,58,55,,,2,,,,1,0,0,58,0
20200902,WA,75377,19966,3136,22318,2560,838,1318,1368,1108,22765,22318,30294,22765,1935,1284,64,269,145,51,30,22,39,31,269,1635,31
20200902,WI,82182,53636,10316,,2195,808,,,7265,7962,17042,53951,11189,1150,836,226,,31,13,,,27,17,135,992,23
20200902,WV,10642,8472,762,,,,1,,1407,0,,,,230,58,3,,,,,,,169,,,
20200902,WY,3911,2023,39,519,26,453,13,,178,765,519,2732,765,41,17,1,2,0,15,,,0,6,2,32,6
20200830,AK,6086,1425,209,,145,816,219,171,181,2920,357,2162,3567,37,15,0,,3,13,5,0,0,1,0,36,1
20200830,AL,125235,37708,30604,,454,,,,7255,49224,7033,55665,62546,2162,1101,837,,6,,,,46,171,61,1752,348
20200830,AR,60856,33660,13549,,814,186,2366,,5195,5086,13227,47629,0,784,495,189,,11,3,39,,45,2,62,720,2
20200830,AS,,,,,,,,,,,,,,,,,,,,,,,,,,
20200830,AZ,201661,46718,6016,60796,1834,11917,,,5929,68451,60796,72414,68451,5030,1845,157,1514,56,541,,,83,592,1514,2924,592
20200830,CA,699909,78587,19874,279244,25300,1156,2624,4243,54940,233941,279244,186724,233941,12905,3702,975,6076,1486,40,53,77,145,351,6076,6478,351
20200830,CO,57223,20880,2706,21813,1144,314,223,761,463,8915,21813,26491,,1843,1156,120,421,58,13,5,25,7,33,421,1384,33
20200830,CT,52495,18342,6947,10133,760,51,,180,346,15736,10133,26626,15736,4465,3263,659,396,48,2,,35,21,41,396,4028,41
20200830,DC,13959,2969,7177,,216,33,38,,3264,262,3643,9041,1275,606,64,451,77,8,,,,6,0,77,529,0
20200830,DE,17343,6102,4512,4254,231,,,,799,1445,4254,11644,1445,604,369,155,44,1,,,,9,26,44,534,26
20200830,FL,621586,144928,91537,176458,,,,,38736,169927,176458,233278,211850,11263,5337,2101,2736,,,,,467,622,2736,7276,1251
20200830,GA,268973,71986,69050,34255,3745,161,279,,7403,82094,34255,125482,109236,5604,2679,2373,337,101,6,7,,21,80,337,5165,102
20200830,GU,1347,192,,,242,,461,,117,335,,,,10,,,,,,,,,10,,,10
20200830,HI,8339,536,53,,1367,,1518,,154,4711,,,,63,,,,,,,,,63,,,
20200830,IA,65049,43796,4508,,2576,644,644,,1288,11593,10304,43152,11593,1112,908,41,,25,5,12,,5,114,67,921,122
20200830,ID,31867,15318,329,,233,370,87,1115,3386,11029,5752,11125,14989,359,337,4,,2,2,,,5,9,44,307,8
20200830,IL,235057,62559,35097,64580,5565,312,465,,8643,57836,64580,112641,57836,8228,3672,2146,1625,371,11,9,,53,341,1625,6262,132
20200830,IN,93313,46997,9770,,1059,,,,13803,21684,8801,34084,50428,3291,1980,426,,17,,,,408,460,66,1580,1645
20200830,KS,41048,26895,3129,,1206,290,,,2293,7235,11924,19712,9412,443,318,70,,11,4,,,22,18,67,350,26
20200830,KY,48032,24690,4018,,516,131,50,1839,,16788,3734,27183,17115,930,703,116,,10,0,,20,,81,30,788,112
20200830,LA,148568,53757,53969,,7122,385,173,,12974,20188,,,148568,4931,2383,2226,,31,4,6,,23,258,145,4414,372
20200830,MA,128229,40221,11730,26520,2685,,,,7391,39682,26520,62027,39682,9049,6824,747,625,228,,,,569,56,625,8368,56
20200830,MD,107791,24510,34463,25848,2015,,,,4721,16234,25848,65709,16234,3752,1593,1541,429,139,,,,39,11,429,3312,11
20200830,ME,4512,2880,934,,109,10,2,19,135,423,190,3606,716,132,117,4,,0,0,0,0,0,11,0,111,21
20200830,MI,112526,50813,25476,,2106,482,,7605,6931,19113,8161,68351,36014,6748,3602,2612,,86,20,,103,129,196,129,5437,1182
20200830,MN,75189,32638,14921,,4236,613,119,951,1313,0,13151,54791,0,1865,1399,179,,83,33,2,11,7,49,86,1714,49
20200830,MO,83655,28443,11712,,,,,2510,2510,38480,6750,47398,29287,1508,885,459,,,,,13,57,94,52,1275,179
20200830,MP,56,,,,,,,,,56,,,,2,,,,,,,,,2,,,
20200830,MS,82676,27047,33362,2452,280,1247,,,5314,12974,2452,49866,30358,2441,1083,1150,35,4,84,,,34,51,35,2088,318
20200830,MT,7340,3944,43,,26,1184,,,74,2069,280,4847,2213,104,54,,,,25,,,,25,,,
20200830,NC,166127,71976,30056,,2309,1960,271,,20125,39430,40459,69287,56381,2692,1510,785,,33,35,4,,182,143,257,2146,289
20200830,ND,11702,5939,962,,224,722,,204,29,3622,,,11702,118,,,,,,,,,118,,,118
20200830,NE,34046,21400,2100,,1400,344,52,,1800,6950,11000,15000,8046,392,306,28,,18,10,0,,12,18,86,260,46
20200830,NH,7254,4705,357,873,193,,,,253,873,873,5508,873,432,396,9,12,4,,,,2,9,12,411,9
20200830,NJ,191611,44163,20265,36948,6129,,,,13663,70443,36948,84220,70443,15937,8508,2826,3147,867,,,,287,302,3147,12488,302
20200830,NM,25283,3572,447,11068,159,8153,,,,1884,11068,12331,1884,770,173,7,159,2,404,,,,25,159,586,25
20200830,NV,68908,13650,4029,19710,3530,236,,,6791,20962,19710,28236,20962,1302,441,103,193,105,8,,,10,442,193,667,442
20200830,NY,434100,,,,,,,,,434100,,,,28522,8735,6422,6749,1707,,,,1838,3071,6749,18702,3071
20200830,OH,122262,64849,27694,,3102,165,178,3627,7902,14745,7671,86986,27605,4128,3200,771,,42,3,1,55,24,32,92,3982,54
20200830,OK,58020,31968,4117,,2191,5505,,,2317,11922,10894,32169,14957,799,581,48,,19,74,,,28,49,54,635,110
20200830,OR,26554,10416,898,,730,629,505,494,9115,3767,10438,12401,3715,458,296,11,,18,10,7,5,40,71,53,313,92
20200830,PA,133504,47191,18221,,1957,,,,2073,64062,11121,32763,89620,7673,5520,1608,,162,,,,365,18,453,7202,18
20200830,PR,32848,,,,,,,,,32848,,,,434,,,,,,,,,434,,,
20200830,RI,21683,5887,1938,7574,,,,,623,5661,7574,8448,5661,1046,685,53,96,,,,,14,198,96,752,198
20200830,SC,118324,42039,32132,,1067,,,,7823,35263,9799,58448,50077,2709,1267,968,,18,,,,73,383,93,1943,673
20200830,SD,13322,7023,1135,1377,751,1773,,,1263,0,1377,11945,0,167,101,2,5,5,39,,,15,0,5,162,0
20200830,TN,153115,76504,29368,,1331,204,112,,19881,25715,22416,94888,35811,1747,1093,527,,16,4,2,,90,15,124,1608,15
20200830,TX,610354,13640,7654,19034,753,,,,213,569060,19034,22260,569060,12510,3800,1462,6917,254,,,,73,4,6917,5589,4
20200830,UT,51854,21940,1193,18868,1212,1049,2231,,6047,5554,18868,27432,5554,407,207,7,91,22,33,21,,34,22,91,294,22
20200830,VA,119747,30565,23655,30566,3500,143,,680,2919,27719,30566,61462,27719,2569,1376,654,274,128,5,,3,44,85,274,2210,85
20200830,VI,1134,,,,,,,,,1134,,,,14,,,,,,,,,14,,,
20200830,VT,1616,1336,174,,58,2,,,37,9,58,1553,5,58,55,,,2,,,,1,0,0,58,0
20200830,WA,74320,19582,3063,22059,2502,831,1290,1344,1092,22557,22059,29704,22557,1905,1264,63,265,144,48,30,22,39,30,265,1610,30
20200830,WI,80300,52081,10214,,2181,779,,,7154,7891,16800,52537,10963,1130,820,224,,31,13,,,26,16,136,972,22
20200830,WV,10110,8118,733,,,,1,,1258,0,,,,213,58,3,,,,,,,152,,,
20200830,WY,3820,1969,38,509,25,451,12,,175,737,509,2670,737,37,15,1,2,0,14,,,0,5,2,29,5
20200826,AK,5719,1360,200,,140,725,205,158,167,2764,346,2030,3343,37,15,0,,3,13,5,0,0,1,0,36,1
20200826,AL,119254,36070,29948,,437,,,,5976,46831,6906,53764,58571,2045,1043,799,,6,,,,43,153,58,1668,318
20200826,AR,58023,32047,13087,,791,179,2349,,4584,4986,12865,45158,0,732,456,178,,10,3,39,,44,2,58,672,2
20200826,AS,,,,,,,,,,,,,,,,,,,,,,,,,,
20200826,AZ,199459,45650,5883,59286,1789,11715,,,5855,69281,59286,70892,69281,4896,1845,149,1479,55,531,,,83,586,1479,2831,586
20200826,CA,679099,75578,19168,266430,24252,1075,2548,3949,54653,231446,266430,181223,231446,12407,3549,945,5786,1421,38,54,76,134,404,5786,6217,404
20200826,CO,55993,20611,2682,21456,1136,313,223,750,459,8365,21456,26174,,1835,1150,120,420,58,13,5,25,7,33,420,1378,33
20200826,CT,52220,18236,6902,10032,746,51,,180,342,15731,10032,26457,15731,4463,3265,658,395,48,48,,34,20,41,395,4027,41
20200826,DC,13722,2905,7066,,213,33,38,,3233,234,3599,8879,1244,605,64,450,77,8,,,,6,0,77,528,0
20200826,DE,16986,5930,4433,4190,226,,,,797,1410,4190,11386,1410,604,369,155,44,1,,,,9,26,44,534,26
20200826,FL,608722,140347,89351,171699,,,,,37447,169878,171699,225742,211281,10872,5142,2044,2643,,,,,447,596,2643,7027,1202
20200826,GA,260590,67498,67041,33039,3545,154,263,,7207,81843,33039,119371,108180,5311,2523,2283,323,98,5,7,,16,56,323,4907,81
20200826,GU,1120,164,,,220,,429,,108,199,,,,9,,,,,,,,,9,,,9
20200826,HI,7260,467,51,,1146,,1416,,134,4046,,,,51,,,,,,,,,51,,,
20200826,IA,59244,39889,4106,,2346,586,586,,1173,10558,9972,38716,9972,1071,872,41,,24,5,11,,5,109,65,887,118
20200826,ID,33004,14766,322,,227,346,84,1089,3305,12865,5519,10719,16765,337,319,4,,2,2,,,5,5,39,294,4
20200826,IL,227044,59651,34503,63082,5451,306,459,,8375,55217,63082,108745,55217,8163,3628,2132,1622,369,11,9,,52,340,1622,6201,131
20200826,IN,89359,44878,9591,,1036,,,,13374,20480,8558,32333,48468,3259,1962,424,,17,,,,408,448,65,1564,1630
20200826,KS,39937,26112,3055,,1181,288,,,2229,7072,11751,19031,"9,155",437,313,70,,11,4,,,22,17,66,346,25
20200826,KY,45230,24647,3852,,516,127,49,1752,,14287,3734,25647,"15,849",902,683,112,,10,0,,20,,77,30,766,106
20200826,LA,144960,53757,53969,,7122,385,173,,12974,16580,,,"144,960",4851,2383,2226,,31,4,6,,23,178,145,4414,292
20200826,MA,126756,39744,11624,26002,2658,,,,7222,39506,26002,61248,39506,8987,6780,741,620,227,,,,563,56,620,8311,56
20200826,MD,105486,23731,33753,25497,1946,,,,4627,15932,25497,64057,15932,3717,1580,1518,423,138,,,,39,19,423,3275,19
20200826,ME,4389,2796,925,,107,9,2,20,135,395,185,3531,673,132,117,4,,0,0,0,0,0,11,0,111,21
20200826,MI,109480,48650,25202,,2041,462,,7381,6682,19062,7936,65472,36072,6690,3532,2593,,82,19,,103,128,233,128,5331,1231
20200826,MN,71236,30275,14465,,4127,582,115,913,1297,0,12738,51774,0,1842,1384,174,,78,33,2,10,9,49,83,1690,49
20200826,MO,78062,28102,11709,,,,,2342,2342,33567,6244,44495,26541,1449,870,459,,,,,13,55,52,52,1225,169
20200826,MP,54,,,,,,,,,54,,,,2,,,,,,,,,2,,,
20200826,MS,80110,26042,32815,2423,271,1244,,,5310,12005,2423,48684,29003,2373,1056,1125,34,4,84,,,33,37,34,2041,298
20200826,MT,6785,3804,41,,26,1074,,,71,1769,272,4599,1914,98,54,,,,25,,,,19,,,
20200826,NC,158985,68434,28857,,2179,1824,270,,19025,38396,39534,66254,53197,2606,1457,765,,33,34,4,,173,140,248,2080,278
20200826,ND,10467,5166,930,,215,661,,194,25,3276,,,10467,117,,,,,,,,,117,,,117
20200826,NE,32727,20600,2000,,1400,335,50,,1800,6542,10900,14300,7527,386,298,27,,18,10,0,,12,21,84,252,50
20200826,NH,7159,4693,356,863,193,,,,249,805,863,5491,805,430,395,9,12,4,,,,2,8,12,410,8
20200826,NJ,190306,44121,20130,36624,6060,,,,13439,69932,36624,83750,69932,15914,8495,2829,3152,870,,,,288,280,3152,12482,280
20200826,NM,24732,3492,442,10723,158,8087,,,,1830,10723,12179,1830,755,173,7,159,2,404,,,,10,159,586,10
20200826,NV,66666,13169,3831,18475,3333,213,,,6873,20772,18475,27419,20772,1250,426,100,185,104,8,,,10,417,185,648,417
20200826,NY,431340,,,,,,,,,431340,,,,28495,8723,6418,6746,1702,,,,1842,3064,6746,18685,3064
20200826,OH,117584,62085,27292,,3007,157,176,3461,7556,13850,7450,84115,26019,4044,3140,764,,42,2,1,52,21,22,90,3921,33
20200826,OK,54838,30093,3898,,2103,5136,,,2180,11428,10052,29257,15529,763,556,46,,19,69,,,26,47,53,581,129
20200826,OR,25571,10215,885,,723,620,501,485,8943,3199,10231,12195,3145,433,290,10,,18,10,7,5,38,55,50,310,73
20200826,PA,130536,45941,17963,,1901,,,,1921,62810,10857,31994,87685,7624,5440,1593,,162,,,,363,66,447,7111,66
20200826,PR,30744,,,,,,,,,30744,,,,404,,,,,,,,,404,,,
20200826,RI,21454,5887,1938,7574,,,,,623,5432,7574,8448,5432,1041,685,53,96,,,,,14,193,96,752,193
20200826,SC,114093,38943,30093,,885,,,,7080,36205,9393,54482,50216,2573,1206,904,,23,,,,69,392,89,1840,665
20200826,SD,11571,5724,1085,1328,747,1659,,,1028,0,1328,10243,0,162,99,2,5,5,37,,,14,0,5,157,0
20200826,TN,147353,72663,28500,,1276,200,103,,19589,25022,21870,90825,34658,1648,1004,496,,15,4,2,,92,35,117,1475,56
20200826,TX,592137,13303,7522,18750,745,,,,208,551609,18750,21778,551609,11805,3614,1406,6464,248,,,,69,4,6464,5337,4
20200826,UT,50174,21047,1171,18433,1167,1034,2156,,5897,5351,18433,26390,5351,401,204,7,88,22,33,21,,32,22,88,291,22
20200826,VA,115458,28923,22735,29913,3377,140,,634,2791,26945,29913,58600,26945,2515,1352,633,266,126,4,,3,45,86,266,2163,86
20200826,VI,1030,,,,,,,,,1030,,,,14,,,,,,,,,14,,,
20200826,VT,1577,1303,173,,55,2,,,36,8,58,1514,5,58,55,,,2,,,,1,0,0,58,0
20200826,WA,72161,18955,2993,21525,2442,829,1252,1321,1084,21760,21525,28876,21760,1880,1253,61,261,143,47,30,22,38,25,261,1594,25
20200826,WI,77092,49682,10083,,2113,744,,,6901,7569,16435,50265,10392,1108,802,223,,31,13,,,23,16,131,956,21
20200826,WV,9540,7724,723,,,,,,799,294,,,,190,58,3,,,,,,,129,,,
20200826,WY,3684,1906,37,495,21,438,12,,169,702,495,2583,702,37,15,1,2,0,14,,,0,5,2,29,5
20200823,AK,5558,1335,194,,135,696,201,152,164,2681,340,1982,3236,32,13,0,,2,10,4,0,0,3,0,29,3
20200823,AL,115060,35362,29593,,429,,,,5912,43774,6836,52801,55422,2013,1034,792,,5,,,,43,139,57,1652,304
20200823,AR,56574,31138,12721,,781,174,2343,,4530,4887,12675,43899,0,687,424,171,,9,3,38,,39,3,54,630,3
20200823,AS,,,,,,,,,,,,,,,,,,,,,,,,,,
20200823,AZ,198103,45359,5828,58740,1762,11641,,,5793,68980,58740,70383,68980,4771,1845,146,1427,52,522,,,82,569,1427,2775,569
20200823,CA,663669,73561,18651,260163,23584,1041,2498,3843,53280,227048,260163,176458,227048,12134,3466,935,5653,1394,37,53,74,139,383,5653,6098,383
20200823,CO,55143,20292,2652,21163,1124,308,220,738,457,8183,21163,25791,,1815,1136,119,414,57,13,5,25,8,34,414,1363,34
20200823,CT,51519,18072,6808,9868,735,50,,174,322,15490,9868,26161,15490,4460,3263,659,393,48,2,,34,20,41,393,4026,41
20200823,DC,13590,2660,6804,,201,30,36,,3563,296,3380,8227,1983,604,64,449,77,8,,,,6,0,77,527,0
20200823,DE,16895,5874,4389,4176,226,,,,796,1434,4176,11285,1434,600,365,155,45,1,,,,8,26,45,529,26
20200823,FL,600571,137155,87804,168086,,,,,36607,170919,168086,220192,212293,10462,4923,1979,2543,,,,,438,579,2543,6739,1180
20200823,GA,253949,64336,64728,31945,3361,138,257,,6910,82274,31945,114547,107457,5132,2433,2206,319,91,4,7,,25,47,319,4732,81
20200823,GU,820,123,,,179,,306,,61,151,,,,7,,,,,,,,,7,,,7
20200823,HI,6600,381,35,,912,,1136,,103,4033,,,,47,,,,,,,,,47,,,
20200823,IA,56329,38305,3943,,2253,563,563,,563,10139,9576,37179,9576,1036,842,41,,24,4,12,,4,104,64,859,111
20200823,ID,29853,14260,313,,216,307,81,1066,3219,10391,5296,10364,14192,307,288,4,,2,2,,,5,6,35,267,5
20200823,IL,221595,57596,34022,62056,5355,304,454,,8214,53594,62056,105945,53594,8089,3579,2118,1613,368,11,9,,52,339,1613,6137,130
20200823,IN,85932,43187,9412,,1006,,,,13076,19251,8386,31062,46484,3220,1945,418,,17,,,,403,437,64,1546,1610
20200823,KS,36856,24209,2827,,1122,265,,,2047,6386,11249,17347,8260,419,303,69,,11,3,,,18,15,62,335,22
20200823,KY,43529,23431,3705,,516,121,44,1666,,14046,3569,24446,15514,881,667,112,,11,0,,20,,71,30,743,108
20200823,LA,142943,50666,52296,,6796,362,162,,12485,20176,,,142943,4746,2249,2143,,31,4,7,,20,292,119,4203,424
20200823,MA,125360,39331,11542,25553,2636,,,,7101,39197,25553,60610,39197,8921,6728,737,615,226,,,,554,61,615,8245,61
20200823,MD,104102,23333,33320,25276,1912,,,,4550,15711,25276,63115,15711,3691,1572,1508,422,137,,,,38,14,422,3255,14
20200823,ME,4335,2732,922,,108,8,2,32,135,396,184,3491,660,131,114,4,,0,0,0,0,0,13,0,108,23
20200823,MI,106808,47110,24935,,1985,446,,7162,6488,18682,8544,70493,27770,6659,3508,2591,,81,19,,100,128,232,133,5526,932
20200823,MN,69584,29301,14205,,4055,558,114,884,1270,0,12549,50387,0,1813,1364,173,,77,32,2,10,9,46,83,1667,46
20200823,MO,75075,27778,12012,,,,,2252,3003,30030,6006,42792,25525,1426,855,452,,,,,12,52,55,51,1206,168
20200823,MP,54,,,,,,,,,54,,,,2,,,,,,,,,2,,,
20200823,MS,77268,25014,31923,2357,259,1232,,,5276,11833,2357,47263,28274,2237,988,1067,33,3,83,,,30,36,33,1925,282
20200823,MT,6429,3724,40,,26,1023,,,67,1549,269,4480,1680,90,35,,,,18,,,,37,,,
20200823,NC,155113,66296,28061,,2081,1776,268,,18441,38190,38826,63986,52301,2531,1414,745,,32,32,4,,169,135,243,2021,267
20200823,ND,9876,4777,903,,209,636,,182,25,3144,,,9876,112,,,,,,,,,112,,,
20200823,NE,31889,20100,2000,,1400,328,49,,1800,6212,10700,13800,7389,378,294,27,,18,10,0,,12,17,83,249,46
20200823,NH,7107,4593,355,859,192,,,,250,858,859,5390,858,429,395,9,11,4,,,,2,8,11,410,8
20200823,NJ,189494,43774,20019,36317,5994,,,,13303,70087,36317,83090,70087,15946,8495,2829,3152,870,,,,288,312,3152,12482,312
20200823,NM,24396,3395,434,10500,156,8033,,,,1878,10500,12018,1878,745,165,6,132,2,380,,,,60,132,553,60
20200823,NV,65601,12842,3709,17438,3184,212,,,7055,21161,17438,27002,21161,1197,413,94,178,101,8,,,10,393,178,626,393
20200823,NY,429737,,,,,,,,,429737,,,,28476,8718,6413,6741,1701,,,,1838,3065,6741,18670,3065
20200823,OH,114802,60115,26931,,2917,151,174,3369,7451,13694,7307,81888,25607,3978,3066,748,,42,2,1,53,26,40,89,3824,65
20200823,OK,53165,29056,3764,,2068,4922,,,2110,11245,10052,29257,13856,726,529,44,,17,65,,,26,45,53,581,92
20200823,OR,24937,9807,845,,693,592,488,461,8484,3567,9719,11678,3540,417,276,9,,18,9,6,4,38,57,49,293,75
20200823,PA,129048,45110,17811,,1879,,,,1887,62361,10735,31408,86905,7578,5440,1593,,162,,,,363,20,447,7111,20
20200823,PR,29896,,,,,,,,,29896,,,,390,,,,,,,,,390,,,
20200823,RI,21022,5655,1896,7274,,,,521,595,5081,7274,8667,5081,1030,678,53,93,,,,0,14,192,93,745,192
20200823,SC,111988,38177,29500,,867,,,,6941,35633,9219,53473,49294,2504,1170,877,,22,,,,67,389,86,1781,635
20200823,SD,11276,5485,1082,1313,743,1615,,,1038,0,1313,9963,0,161,98,2,5,5,37,,,14,0,5,156,0
20200823,TN,143937,69516,27512,,1243,198,96,,19423,25949,21421,86443,36073,1567,946,478,,15,4,2,,90,32,115,1401,51
20200823,TX,577537,13090,7439,18591,741,,,,200,537476,18591,21470,537476,11370,3499,1355,6201,243,,,,68,4,6201,5165,4
20200823,UT,49115,20477,1153,18149,1134,1014,2120,,5798,5244,18149,25722,5244,385,196,7,86,21,31,21,,30,21,86,278,21
20200823,VA,112966,28091,22071,29514,3295,136,,618,2728,26513,29514,56939,26513,2467,1332,614,262,126,3,,3,44,83,262,2122,83
20200823,VI,984,,,,,,,,,984,,,,11,,,,,,,,,11,,,
20200823,VT,1557,1291,170,,55,2,,,32,7,57,1496,4,58,55,,,2,,,,1,0,0,58,0
20200823,WA,71012,18611,2923,21094,2402,812,1231,1295,1065,21579,21094,28339,21579,1863,1239,60,255,140,47,31,21,38,32,255,1576,32
20200823,WI,75205,48216,9959,,2084,720,,,6764,7462,16174,48877,10154,1089,788,221,,30,13,,,21,16,128,941,20
20200823,WV,9272,7485,709,,,,,,766,312,,,,178,58,3,,,,,,,117,,,
20200823,WY,3579,1848,36,478,21,429,12,,164,685,478,2510,685,37,15,1,2,0,14,,,0,5,2,29,5
20200819,AK,5247,1096,154,,114,640,186,134,117,2806,237,1705,3305,29,12,0,,2,10,4,0,0,1,0,28,1
20200819,AL,111478,33626,28660,,405,,,,5670,43104,6674,50893,53910,1944,995,769,,4,,,,41,135,56,1594,294
20200819,AR,54216,28771,11909,,747,161,2264,,5785,4579,12096,42120,0,631,383,163,,9,3,36,,37,0,56,575,0
20200819,AS,,,,,,,,,,,,,,,,,,,,,,,,,,
20200819,AZ,195557,36148,4918,50741,1709,10686,,,5006,86349,50741,58467,86349,4634,1845,142,1378,51,506,,,75,637,1378,2619,637
20200819,CA,638831,70517,17812,245505,22447,1003,2398,3592,52602,222955,245505,170371,222955,11523,3316,892,5305,1335,40,53,69,137,376,5305,5842,376
20200819,CO,53901,19803,2603,20692,1110,301,210,711,441,8015,20692,25179,,1800,1130,119,409,57,13,5,23,7,33,409,1354,33
20200819,CT,51314,18001,6770,9801,730,50,,172,320,15470,9801,26043,15470,4457,3263,658,391,48,2,,34,20,41,391,4025,41
20200819,DC,13354,2620,6695,,197,29,35,,3499,279,3344,8105,1905,600,63,446,77,8,,,,6,0,77,523,0
20200819,DE,16643,5773,4330,4124,217,,,,784,1415,4124,11104,1415,595,364,153,43,1,,,,8,26,43,526,26
20200819,FL,584047,131689,84771,160968,,,,,34963,171656,160968,210878,212201,10067,4717,1906,2445,,,,,424,575,2445,6463,1159
20200819,GA,243982,60081,61786,30561,3150,142,240,,6575,81447,30561,108403,105018,4849,2258,2103,304,82,4,7,,25,66,304,4422,123
20200819,GU,599,69,,,165,,256,,38,71,,,,5,,,,,,,,,5,,,5
20200819,HI,5609,351,29,,715,,936,,85,3493,,,,42,,,,,,,,,42,,,
20200819,IA,53340,36806,3734,,2133,533,533,,533,9068,9601,35206,8534,1006,820,41,,25,5,12,,4,96,64,833,107
20200819,ID,28696,13732,309,,209,279,80,1028,3101,9958,5043,9997,13655,291,275,4,,2,2,,,5,3,35,255,1
20200819,IL,213221,54509,33280,60349,5225,288,449,,7865,51256,60349,101616,51256,8017,3529,2106,1600,367,11,9,,53,342,1600,6075,131
20200819,IN,82336,41300,9185,,988,,,,12779,18084,8145,29453,44738,3180,1927,416,,17,,,,393,427,63,1529,1588
20200819,KS,35890,23529,2730,,1108,258,,,1985,6280,11047,16816,8027,411,296,69,,11,3,,,18,14,62,328,21
20200819,KY,40926,22111,3421,,516,119,41,1551,,13167,3476,22978,14472,842,634,110,,11,0,,20,,67,26,716,100
20200819,LA,139903,50666,52296,,6796,362,162,,12485,17136,,,139903,4609,2249,2143,,31,4,7,,20,155,119,4203,287
20200819,MA,124415,38985,11497,25181,2621,,,,7002,39129,25181,60105,39129,8876,6693,734,613,226,,,,553,57,613,8206,57
20200819,MD,101649,22581,32440,24859,1863,,,,4433,15473,24859,61317,15473,3661,1557,1496,422,136,,,,37,13,422,3226,13
20200819,ME,4234,2647,920,,108,8,2,30,129,390,179,3408,647,127,114,4,,0,0,0,0,0,9,0,108,19
20200819,MI,104091,45546,24750,,1936,437,,6923,6307,18192,8327,68700,27063,6618,3482,2583,,79,19,,97,128,230,132,5492,926
20200819,MN,66618,31406,13839,,3972,593,136,1152,7157,8363,12198,43531,10889,1784,1384,170,,74,32,3,22,31,68,83,1628,73
20200819,MO,70675,28270,12015,,,,,2120,2827,25443,6360,40991,23322,1414,846,449,,,,,12,52,55,50,1196,166
20200819,MP,54,,,,,,,,,54,,,,2,,,,,,,,,2,,,
20200819,MS,74555,23984,31117,2315,251,1227,,,5198,10463,2315,45757,26483,2163,949,1035,33,1,83,,,30,32,33,1863,267
20200819,MT,5956,3516,39,,24,922,,,64,1391,257,4191,1508,84,35,,,,18,,,,31,,,
20200819,NC,147932,62514,26709,,1918,1702,264,,17588,37237,37615,60373,49944,2431,1356,718,,31,32,4,,162,128,237,1944,250
20200819,ND,8968,4212,871,,201,593,,169,23,2899,,,8968,110,,,,,,,,,110,,,
20200819,NE,31040,19300,1900,,1400,323,47,,1800,6270,10600,13100,7340,371,287,27,,18,10,0,,12,17,81,245,45
20200819,NH,7036,4537,347,838,189,,,,255,870,838,5328,870,427,394,9,11,4,,,,2,7,11,409,7
20200819,NJ,188427,43287,19896,35989,5929,,,,13146,70180,35989,82258,70180,15926,8474,2821,3140,868,,,,288,335,3140,12451,335
20200819,NM,23749,3308,429,10169,154,7970,,,,1719,10169,11861,1719,729,165,6,132,2,380,,,,44,132,553,44
20200819,NV,63028,12193,3473,15991,3018,198,,,6970,21185,15991,25852,21185,1134,393,94,166,98,7,,,10,366,166,602,366
20200819,NY,427202,,,,,,,,,427202,,,,28449,8709,6402,6739,1701,,,,1836,3062,6739,18648,3062
20200819,OH,110881,57645,26401,,2837,151,173,3200,7136,13338,7042,78970,24869,3907,3009,737,,42,2,1,52,27,37,89,3760,58
20200819,OK,49923,27448,3537,,2004,4605,,,1998,10331,9256,26300,14367,699,509,42,,16,65,,,24,43,46,526,127
20200819,OR,23870,9616,833,,686,576,474,457,8273,2955,9483,11461,2926,408,271,9,,18,9,6,4,37,54,48,288,72
20200819,PA,126149,43289,17059,,1785,,,,1546,62470,10122,30401,85626,7523,5357,1572,,159,,,,357,78,438,7007,78
20200819,PR,27934,,,,,,,,,27934,,,,356,,,,,,,,,356,,,
20200819,RI,20795,5655,1896,7274,,,,521,595,4854,7274,8667,4854,1027,678,53,93,,,,0,14,189,93,745,189
20200819,SC,108411,36479,28189,,829,,,,6632,35451,8856,50480,49074,2360,1112,834,,21,,,,64,348,82,1695,581
20200819,SD,10566,4953,1066,1283,738,1567,,,959,0,1283,9283,0,155,92,2,5,5,37,,,14,0,5,150,0
20200819,TN,137800,65711,26597,,1196,188,89,,18896,25123,20826,82135,34839,1452,873,449,,15,4,2,,82,27,110,1307,35
20200819,TX,557256,12852,7308,18296,733,,,,190,517877,18296,21083,517877,10559,3275,1281,5700,233,,,,66,4,5700,4855,4
20200819,UT,47521,19598,1127,17706,1086,997,2065,,5665,5078,17706,24737,5078,377,192,7,86,20,30,20,,30,20,86,271,20
20200819,VA,109019,26621,20996,28920,3202,131,,570,2615,25964,28920,54135,25964,2410,1308,597,260,126,2,,2,37,78,260,2072,78
20200819,VI,828,,,,,,,,,828,,,,9,,,,,,,,,9,,,
20200819,VT,1533,1269,169,,54,2,,,31,8,57,1472,4,58,55,,,2,,,,1,0,0,58,0
20200819,WA,68689,17968,2802,20475,2331,774,1190,1266,1037,20846,20475,27368,20846,1822,1207,57,254,138,45,29,21,37,34,254,1534,34
20200819,WI,72134,46003,9670,,2031,689,,,6528,7213,15753,46810,9571,1067,770,218,,30,12,,,20,17,125,920,22
20200819,WV,8801,7051,677,,,,,,710,363,,,,166,58,3,,,,,,,105,,,
20200819,WY,3430,1745,34,465,20,421,8,,157,663,465,2385,663,34,15,0,2,0,14,,,0,3,2,29,3
20200816,AK,5060,1055,148,,113,597,177,124,111,2735,229,1625,3206,28,12,0,,2,10,4,0,0,0,0,28,0
20200816,AL,108433,31308,27226,,383,,,,5352,44172,6471,47880,54081,1898,958,744,,4,,,,40,136,55,1543,300
20200816,AR,52665,27735,11566,,726,153,2242,,5788,4455,11796,40869,0,599,359,158,,9,3,35,,35,0,53,546,0
20200816,AS,,,,,,,,,,,,,,,,,,,,,,,,,,
20200816,AZ,193537,35705,4811,49819,1679,10583,,,4901,86039,49819,57679,86039,4506,1788,140,1327,51,497,,,72,631,1327,2548,631
20200816,CA,621562,68063,17130,235700,21537,960,2302,3397,51334,221139,235700,164723,221139,11224,3204,872,5098,1298,40,55,63,136,458,5098,5668,458
20200816,CO,53176,19467,2579,20339,1106,303,207,701,441,8034,20339,24804,,1768,1109,117,401,56,13,5,23,7,32,401,1330,32
20200816,CT,50897,17888,6710,9714,724,50,,168,315,15328,9714,25855,15328,4453,3260,658,390,48,2,,34,20,41,390,4022,41
20200816,DC,13220,2602,6592,,197,29,35,,3473,292,3334,7983,1903,597,63,443,77,8,,,,6,0,77,520,0
20200816,DE,16451,5714,4279,4065,216,,,,779,1398,4065,10988,1398,593,364,151,43,1,,,,8,26,43,524,26
20200816,FL,573416,127305,82656,155766,,,,,33967,173722,155766,203414,214236,9587,4486,1820,2332,,,,,403,546,2332,6142,1113
20200816,GA,237030,57407,59765,29741,3027,136,238,,6300,80416,29741,104355,102934,4702,2185,2059,295,78,4,6,,21,54,295,4307,100
20200816,GU,516,49,,,156,,219,,28,64,,,,5,,,,,,,,,5,,,5
20200816,HI,5042,351,29,,715,,936,,85,2926,,,,40,,,,,,,,,40,,,
20200816,IA,52443,36188,3671,,2097,524,524,,524,8915,9440,34615,8391,975,787,42,,24,4,11,,3,100,65,794,116
20200816,ID,27660,13078,297,,204,247,75,989,3028,9742,4785,9448,13426,269,249,3,,2,2,,,5,8,32,231,6
20200816,IL,207413,52502,32759,59227,5132,281,439,,7661,49412,59227,98774,49412,7955,3489,2098,1595,366,10,9,,52,336,1595,6024,125
20200816,IN,80415,39658,8925,,974,,,,12444,18414,8033,28783,43599,3133,1900,409,,16,,,,385,423,61,1512,1560
20200816,KS,33885,22264,2539,,1072,236,,,1866,5908,10640,15683,7562,402,289,68,,10,3,,,18,14,60,321,21
20200816,KY,39315,21040,3303,,516,114,45,1574,,12723,3286,21855,14174,813,609,108,,11,0,,19,,66,27,688,98
20200816,LA,137918,46718,49262,,6360,343,162,,11434,23639,,,137918,4507,2081,2054,,28,4,6,,20,314,109,3946,452
20200816,MA,123593,38632,11428,24907,2598,,,,6913,39115,24907,59571,39115,8838,6664,731,614,225,,,,551,53,614,8171,53
20200816,MD,100212,22168,31912,24672,1832,,,,4381,15247,24672,60293,15247,3639,1547,1493,418,136,,,,37,8,418,3213,8
20200816,ME,4168,2592,910,,107,7,2,33,127,390,178,3346,644,127,113,4,,0,0,0,0,0,10,0,107,20
20200816,MI,102259,44345,24544,,1897,422,,6768,6193,18090,8180,66468,27609,6592,3467,2575,,79,19,,96,126,230,131,5471,922
20200816,MN,65152,30429,13546,,3886,589,134,1128,7057,8383,12009,42384,10759,1752,1358,167,,74,32,3,22,30,66,81,1598,73
20200816,MO,67475,28340,12146,,,,,2024,2699,22266,6072,39135,22266,1367,817,437,,,,,10,50,53,47,1155,164
20200816,MP,50,,,,,,,,,50,,,,2,,,,,,,,,2,,,
20200816,MS,71755,22931,30041,2278,248,1220,,,5190,10228,2278,43893,25965,2080,898,1008,32,1,82,,,28,35,32,1808,244
20200816,MT,5750,3228,35,,20,797,,,54,1616,236,3760,1754,82,35,,,,18,,,,29,,,
20200816,NC,144952,60684,25967,,1845,1655,258,,17270,37273,36922,58254,49776,2347,1301,698,,31,32,4,,155,126,227,1878,242
20200816,ND,8587,,,,,,,,,8587,,,,105,,,,,,,,,105,,,
20200816,NE,30372,18700,1900,,1400,318,47,,1800,6207,10500,12600,7272,361,278,26,,18,10,0,,12,17,79,239,43
20200816,NH,6988,4505,346,834,185,,,,253,865,834,5289,865,423,390,9,11,4,,,,2,7,11,405,7
20200816,NJ,187455,42950,19780,35691,5881,,,,13021,70132,35691,81632,70132,15912,8474,2821,3140,868,,,,288,321,3140,12451,321
20200816,NM,23408,3244,426,10002,149,7925,,,,1662,10002,11744,1662,714,165,6,132,2,380,,,,29,132,553,29
20200816,NV,61305,11921,3340,15053,2929,196,,,6946,20920,15053,25332,20920,1072,361,86,142,95,5,,,11,372,142,558,372
20200816,NY,425508,,,,,,,,,425508,,,,28425,8698,6399,6734,1700,,,,1835,3059,6734,18632,3059
20200816,OH,108287,55693,25912,,2772,146,172,3104,6996,13492,6835,76575,24877,3826,2944,729,,42,2,1,49,26,33,87,3691,48
20200816,OK,48342,26392,3374,,1974,4436,,,1929,10237,9256,26300,12786,661,482,40,,15,63,,,23,38,46,526,89
20200816,OR,23262,9119,788,,653,539,461,448,7746,3508,8917,10869,3476,388,256,9,,17,7,6,4,36,53,47,272,69
20200816,PA,124460,42447,16889,,1763,,,,1510,61851,9976,29786,84698,7468,5357,1572,,159,,,,357,23,438,7007,23
20200816,PR,26006,,,,,,,,,26006,,,,335,,,,,,,,,335,,,
20200816,RI,20335,5483,1858,6981,,,,,576,5437,6981,7917,5437,1021,673,52,92,,,,,14,190,92,739,190
20200816,SC,106497,35354,27319,,803,,,,6428,35788,8599,49018,48878,2269,1054,790,,20,,,,60,363,78,1603,587
20200816,SD,10274,4713,1054,1268,735,1549,,,954,1,1268,9005,1,153,90,2,5,5,37,,,14,0,5,148,0
20200816,TN,133708,62356,25411,,1160,175,88,,18394,26124,20318,77510,35880,1366,810,436,,15,4,2,,79,20,107,1227,32
20200816,TX,535582,12602,7156,17989,730,,,,185,496920,17989,20673,496920,9983,3130,1235,5324,225,,,,65,4,5324,4655,4
20200816,UT,46652,19101,1112,17455,1056,981,2017,,5582,5062,17455,24135,5062,363,184,7,82,20,30,19,,27,18,82,263,18
20200816,VA,106687,25762,20331,28474,3116,127,,546,2552,25779,28474,52434,25779,2381,1292,586,260,126,2,,2,35,78,260,2043,78
20200816,VI,741,,,,,,,,,741,,,,9,,,,,,,,,9,,,
20200816,VT,1515,1254,167,,54,2,,,30,8,57,1453,5,58,54,,,2,,,,1,1,0,57,1
20200816,WA,67461,17400,2670,19869,2236,758,1164,1238,1021,21105,19869,26487,21105,1781,1178,58,244,137,40,29,20,36,39,244,1498,39
20200816,WI,70246,44612,9532,,1991,670,,,6392,7049,15495,45457,9294,1046,755,214,,30,11,,,19,17,123,902,21
20200816,WV,8564,6775,647,,,,,,743,399,,,,160,58,3,,,,,,,99,,,
20200816,WY,3286,1656,33,454,22,412,8,,150,622,454,2281,622,30,14,0,2,0,13,,,0,1,2,27,1
20200812,AK,4655,1015,120,,105,520,166,110,92,2527,203,1517,2935,27,11,0,,2,10,4,0,0,0,0,27,0
20200812,AL,104786,31308,27226,,383,,,,5352,40525,6471,47880,50434,1882,958,744,,4,,,,40,136,55,1543,284
20200812,AR,51114,25916,10840,,697,148,2226,,6275,5012,11338,39073,703,573,336,150,,8,3,35,,34,7,51,515,7
20200812,AS,,,,,,,,,,,,,,,,,,,,,,,,,,
20200812,AZ,189443,34756,4700,48359,1628,10421,,,4725,84854,48359,56230,84854,4347,1717,135,1259,49,488,,,71,628,1259,2460,628
20200812,CA,586056,64551,16141,222781,20399,883,2197,3198,48781,207125,222781,156150,207125,10648,3075,850,4845,1252,41,48,60,130,347,4845,5456,347
20200812,CO,51756,19009,2551,19822,1086,300,196,693,424,7675,19822,24259,,1756,1105,117,397,56,12,5,23,7,31,397,1325,31
20200812,CT,50706,17757,6642,9633,721,49,,168,307,15429,9633,25644,15429,4450,3258,657,390,48,2,,34,20,41,390,4019,41
20200812,DC,12959,2554,6438,,195,29,35,,3389,319,3306,7799,1854,593,63,439,77,8,,,,6,0,77,516,0
20200812,DE,15765,5408,4008,3990,215,,,,763,1381,3990,10394,1381,592,364,151,42,1,,,,8,26,42,524,26
20200812,FL,550901,120507,78795,146983,,,,,31874,172742,146983,191856,212062,8898,4157,1689,2158,,,,,367,527,2158,5675,1065
20200812,GA,226153,53585,56869,28548,2819,136,215,,5983,77998,28548,98613,98992,4456,2069,1960,279,76,4,5,,18,45,279,4094,83
20200812,GU,449,44,,,151,,200,,22,32,,,,5,,,,,,,,,5,,,5
20200812,HI,3958,307,24,,580,,756,,58,2233,,,,38,,,,,,,,,38,,,
20200812,IA,49814,34373,3487,,1992,498,498,,498,8468,9465,32878,7472,953,766,42,,24,4,12,,4,97,62,774,115
20200812,ID,26133,12375,283,,195,200,73,942,2908,9157,4534,8881,12717,246,234,3,,2,2,,,4,1,28,218,0
20200812,IL,199893,49781,31955,57734,5040,273,430,,7313,47367,57734,94792,47367,7881,3452,2084,1583,363,10,9,,51,329,1583,5969,120
20200812,IN,76522,37652,8644,,935,,,,12099,17192,7747,27027,41748,3086,1869,408,,16,,,,380,413,61,1489,1536
20200812,KS,32547,21389,2414,,1056,213,,,1828,5647,10378,15003,7166,395,284,68,,9,3,,,18,13,60,315,20
20200812,KY,36945,19188,3015,,516,102,43,1461,,12620,3140,20345,13460,790,593,104,,10,0,,19,,64,26,667,97
20200812,LA,134304,46718,49262,,6360,343,162,,11434,20025,,,134304,4361,2081,2054,,28,4,6,,20,168,109,3946,306
20200812,MA,122000,38152,11324,24307,2566,,,,6767,38884,24307,58809,38884,8769,6608,724,608,223,,,,551,55,608,8106,55
20200812,MD,96384,21428,30803,24200,1771,,,,4290,13892,24200,58292,13892,3612,1533,1478,415,135,,,,37,14,415,3183,14
20200812,ME,4070,2526,893,,105,7,2,30,122,385,171,3259,640,126,113,4,,,,,,0,9,0,107,19
20200812,MI,98689,42572,24168,,1855,403,,6537,5969,17185,7895,64147,26646,6539,3426,2566,,79,19,,98,125,226,130,5427,980
20200812,MN,62303,28959,12985,,3752,561,126,1065,6863,7992,11571,40436,10296,1724,1335,166,,74,32,3,22,28,64,79,1573,72
20200812,MO,62530,28139,11881,,,,,2501,2501,17508,5627,36892,20009,1323,784,431,,,,,10,48,48,46,1119,157
20200812,MP,49,,,,,,,,,49,,,,2,,,,,,,,,2,,,
20200812,MS,68293,21502,28645,2195,230,1219,,,5172,9330,2195,41423,24675,1944,846,939,27,1,80,,,24,27,27,1698,219
20200812,MT,5268,2725,25,,16,633,,,41,1828,205,3107,1956,80,35,,,,18,,,,27,,,
20200812,NC,139061,57667,24702,,1758,1551,253,,16553,36577,35904,55162,47995,2249,1242,677,,30,32,4,,151,113,219,1809,221
20200812,ND,7970,,,,,,,,,7970,,,,104,,,,,,,,,104,,,
20200812,NE,29244,17900,1800,,1400,310,45,,1700,6089,10300,11900,7044,356,271,25,,18,10,0,,12,20,79,233,44
20200812,NH,6887,4435,343,806,182,,,,250,871,806,5210,871,420,389,9,11,4,,,,1,6,11,403,6
20200812,NJ,185938,42359,19606,35220,5828,,,,12953,69972,35220,80746,69972,15885,8455,2815,3138,866,,,,287,324,3138,12423,324
20200812,NM,22816,3132,419,9644,150,7839,,,,1632,9644,11540,1632,695,165,6,132,2,380,,,,10,132,553,10
20200812,NV,58048,11114,3053,13816,2709,180,,,6571,20605,13816,23627,20605,996,348,82,132,94,5,,,11,324,132,540,324
20200812,NY,422703,,,,,,,,,422703,,,,28386,8683,6388,6728,1698,,,,1837,3052,6728,18606,3052
20200812,OH,104248,53183,25310,,2700,138,169,2948,6735,13065,6588,73705,23955,3734,2877,705,,42,2,1,48,27,32,86,3600,48
20200812,OK,45398,24803,3136,,1897,4095,,,1814,9653,8447,23411,13540,627,455,39,,15,61,,,21,36,41,493,93
20200812,OR,22022,8906,767,,640,524,456,438,7529,2761,8652,10627,2743,375,249,9,,17,7,6,4,36,47,47,265,63
20200812,PA,121130,41012,16519,,1727,,,,1429,60443,9751,28765,82614,7385,5243,1545,,158,,,,351,88,431,6866,88
20200812,PR,24074,,,,,,,,,24074,,,,295,,,,,,,,,295,,,
20200812,RI,20129,5483,1858,6981,,,,,576,5231,6981,7917,5231,1018,673,52,92,,,,,14,187,92,739,187
20200812,SC,102974,34415,26594,,782,,,,6257,34142,8403,47059,47510,2144,980,769,,19,,,,57,336,74,1524,545
20200812,SD,9815,4374,1049,1244,732,1509,,,907,0,1244,8571,0,147,86,2,5,5,36,,,13,0,5,142,0
20200812,TN,126393,58694,24484,,1111,160,85,,17778,24081,19677,71459,35257,1289,758,419,,16,4,2,,74,16,106,1165,18
20200812,TX,506820,11765,6610,16853,726,,,,186,470680,16853,19287,470680,9034,2878,1149,4739,204,,,,60,4,4739,4291,4
20200812,UT,45090,18275,1072,17004,998,967,1911,,5443,4953,17004,23133,4953,351,179,6,79,20,29,19,,26,17,79,255,17
20200812,VA,102521,24353,19207,27799,2994,115,,507,2457,25089,27799,49633,25089,2352,1277,578,254,126,2,,2,35,78,254,2020,78
20200812,VI,639,,,,,,,,,639,,,,9,,,,,,,,,9,,,
20200812,VT,1478,1221,166,,54,2,,,28,7,54,1420,4,58,54,,,2,,,,1,1,0,57,1
20200812,WA,64702,15901,2469,18357,2101,711,1121,1075,946,22021,18357,24324,22021,1724,1139,58,232,134,39,28,20,35,39,232,1453,39
20200812,WI,66654,41967,9266,,1933,640,,,6162,6686,15061,42969,8624,1018,728,214,,30,11,,,19,16,120,876,22
20200812,WV,8008,6304,600,,,,,,726,378,,,,153,58,3,,,,,,,92,,,
20200812,WY,3086,1567,33,434,20,410,7,,145,603,434,2182,603,29,13,0,2,0,13,,,0,1,2,26,1
20200809,AK,4473,988,117,,103,488,149,107,91,2430,198,1461,2814,26,11,0,,2,9,4,0,0,0,0,26,0
20200809,AL,101334,30405,26613,,371,,,,5209,38734,6401,46600,48332,1768,897,709,,4,,,,36,122,52,1454,261
20200809,AR,49383,25178,10569,,686,143,2220,,6351,4236,11081,38302,0,544,319,147,,8,2,35,,33,0,48,496,0
20200809,AS,,,,,,,,,,,,,,,,,,,,,,,,,,
20200809,AZ,186923,33934,4539,47028,1599,10289,,,4593,84941,47028,54954,84941,4150,1631,127,1189,49,481,,,70,603,1189,2358,603
20200809,CA,554160,61932,15502,213410,19659,842,2097,3046,47023,190649,213410,150101,190649,10293,2988,830,4692,1226,39,48,57,124,289,4692,5312,289
20200809,CO,50660,17378,2349,18193,1004,269,179,634,383,10265,18193,22196,10265,1763,1110,117,397,57,12,5,23,7,30,397,1331,30
20200809,CT,50320,17712,6575,9538,716,48,,158,311,15262,9538,25520,15262,4441,3256,656,384,48,2,,34,20,41,384,4016,41
20200809,DC,12753,2512,6283,,189,29,33,,3322,385,3265,7629,1859,591,63,437,77,8,,,,6,0,77,514,0
20200809,DE,15575,5337,3961,3941,211,,,,759,1366,3941,10268,1366,591,364,150,42,1,,,,8,26,42,523,26
20200809,FL,532806,115548,75929,140521,,,,,30473,170335,140521,183156,209129,8315,3848,1585,2044,,,,,342,496,2044,5293,978
20200809,GA,216596,50566,54274,27438,2663,132,203,,5649,75671,27438,93818,95340,4199,1924,1855,256,69,4,7,,23,61,256,3849,94
20200809,GU,412,37,,,120,,112,,119,24,,,,5,,,,,,,,,5,,,5
20200809,HI,3498,307,24,,580,,756,,58,1773,,,,31,,,,,,,,,31,,,
20200809,IA,48841,33213,3419,,2442,488,488,,488,8303,9280,32237,7815,931,743,41,,25,5,12,,4,99,63,754,113
20200809,ID,24671,11658,269,,189,171,70,883,2797,8634,4300,8351,12019,237,217,3,,2,2,,,4,9,26,202,9
20200809,IL,195380,48130,31453,56904,4970,262,428,,7160,46073,56904,92403,46073,7845,3425,2081,1579,362,10,9,,51,328,1579,5938,119
20200809,IN,74328,35864,8322,,906,,,,11763,17473,7625,26207,40496,3041,1838,398,,16,,,,377,412,60,1467,1514
20200809,KS,30638,20142,2280,,1023,203,,,1705,5285,9976,14038,6624,380,272,67,,9,3,,,18,11,59,304,17
20200809,KY,34982,16877,2865,,516,98,41,1389,,13196,2933,19276,12773,773,578,105,,10,0,,18,,62,27,655,91
20200809,LA,131399,37524,41962,,5120,260,133,,9557,36843,,,131399,4263,1931,1960,,29,4,5,,20,314,81,3686,496
20200809,MA,121040,37842,11254,24061,2546,,,,6675,38662,24061,58317,38662,8735,6578,722,607,222,,,,551,55,607,8073,55
20200809,MD,95503,20895,29841,23781,1726,,,,4191,15069,23781,56653,15069,3585,1523,1465,408,135,,,,36,18,408,3159,18
20200809,ME,4042,2493,892,,105,7,2,29,121,393,168,3228,646,125,111,4,,,,,,0,10,0,105,20
20200809,MI,96726,41400,24000,,1828,391,,6406,5827,16874,7738,62871,26116,6519,3409,2563,,79,18,,99,124,227,130,5410,977
20200809,MN,60898,28108,12631,,3676,540,125,1035,6752,8031,11382,39281,10235,1698,1321,162,,74,32,3,22,27,57,77,1556,65
20200809,MO,58927,27696,11785,,,,,2357,2357,14732,5362,35403,18154,1307,772,427,,,,,10,49,48,47,1104,155
20200809,MP,48,,,,,,,,,48,,,,2,,,,,,,,,2,,,
20200809,MS,66646,20669,27866,2156,220,1219,,,5246,9797,2156,39898,25119,1874,801,916,27,1,79,,,24,48,27,1642,227
20200809,MT,4952,2555,24,,14,560,,,40,1759,195,2873,1884,75,23,,,,11,,,,41,,,
20200809,NC,136218,55951,23982,,1694,1526,249,,16177,36639,35145,53256,47817,2168,1207,651,,29,30,4,,148,99,214,1752,202
20200809,ND,7596,,,,,,,,,7596,,,,98,,,,,,,,,98,,,
20200809,NE,28432,16900,1700,,1300,294,42,,1700,6496,10100,11100,7232,345,261,24,,18,10,0,,12,20,77,225,43
20200809,NH,6831,4382,342,785,181,,,,248,893,785,5153,893,419,388,9,11,4,,,,1,6,11,402,6
20200809,NJ,184773,41950,19478,34875,5792,,,,12838,69840,34875,80058,69840,15874,8455,2815,3138,866,,,,287,313,3138,12423,313
20200809,NM,22315,3016,412,9332,145,7774,,,,1636,9332,11347,1636,685,98,4,59,1,236,,,,287,59,339,287
20200809,NV,56230,10726,2889,12870,2581,180,,,6487,20497,12870,22863,20497,957,338,82,128,91,5,,,11,302,128,527,302
20200809,NY,420860,,,,,,,,,420860,,,,28364,8675,6383,6721,1694,,,,1841,3050,6721,18593,3050
20200809,OH,100848,50817,24670,,2600,140,167,2795,6503,13156,6346,70626,23876,3669,2829,693,,41,3,1,46,24,32,85,3538,46
20200809,OK,43566,23741,2982,,1854,3877,,,1729,9383,8447,23411,11708,603,438,38,,15,59,,,20,33,41,493,69
20200809,OR,21272,8383,732,,616,494,441,421,6973,3212,8048,10024,3200,356,232,9,,16,7,6,3,33,50,43,250,63
20200809,PA,118852,40001,16280,,1708,,,,1376,59487,9588,28068,81196,7314,5243,1545,,158,,,,351,17,431,6866,17
20200809,PR,22121,,,,,,,,,22121,,,,279,,,,,,,,,279,,,
20200809,RI,19738,5304,1797,6647,,,,,545,5445,6647,7646,5445,1014,669,52,89,,,,,14,190,89,735,190
20200809,SC,100435,32915,25434,,748,,,,5984,34603,8071,45202,47160,2031,919,721,,18,,,,54,336,69,1426,534
20200809,SD,9605,4201,1040,1233,731,1490,,,910,0,1233,8372,0,146,86,2,5,5,35,,,13,0,5,141,0
20200809,TN,122712,55187,23066,,1085,150,84,,17556,25584,19175,66653,36884,1223,712,406,,15,4,2,,72,12,105,1102,16
20200809,TX,486362,11056,6106,16035,722,,,,177,452266,16035,18061,452266,8459,2735,1086,4386,190,,,,58,4,4386,4069,4
20200809,UT,44127,17830,1058,16679,978,955,1846,,5352,4845,16679,22603,4845,336,172,6,77,18,29,17,,26,15,77,244,15
20200809,VA,100086,23623,18554,27438,2938,111,,485,2376,24561,27438,48087,24561,2326,1258,575,252,126,2,,2,34,77,252,1997,77
20200809,VI,528,,,,,,,,,528,,,,9,,,,,,,,,9,,,
20200809,VT,1459,1202,166,,54,2,,,28,7,53,1402,4,58,54,,,2,,,,1,1,0,57,1
20200809,WA,63072,15379,2357,17976,2064,689,1099,1054,911,21543,17976,23553,21543,1688,1118,57,217,132,39,26,18,35,46,217,1425,46
20200809,WI,64835,40612,9135,,1899,622,,,6045,6522,14862,41586,8387,1005,715,214,,30,10,,,19,17,121,857,27
20200809,WV,7694,5980,575,,,,,,707,432,,,,139,58,3,,,,,,,78,,,
20200809,WY,3050,1512,30,423,20,407,7,,144,630,423,2120,630,28,12,0,2,0,13,,,0,1,2,25,1
20200805,AK,4183,944,108,,98,461,137,101,73,2261,181,1411,2591,25,11,0,,2,9,3,0,0,0,0,25,0
20200805,AL,94654,28854,25330,,348,,,,4965,35155,6222,44538,43901,1695,862,682,,4,,,,35,112,50,1394,250
20200805,AR,46293,23573,9928,,659,129,2193,,5983,3828,10599,35694,0,508,302,136,,7,2,33,,30,0,45,465,0
20200805,AS,,,,,,,,,,,,,,,,,,,,,,,,,,
20200805,AZ,182203,32128,4282,44377,1493,10099,,,4328,85496,44377,52330,85496,3932,1538,121,1106,48,472,,,67,580,1106,2246,580
20200805,CA,524722,58376,14475,198039,18392,792,1979,2755,45492,184422,198039,142261,184422,9703,2803,787,4362,1156,37,50,50,122,336,4362,5005,336
20200805,CO,48988,16705,2296,17482,974,260,169,608,361,10123,17482,21373,10123,1717,1080,115,388,55,12,5,23,6,29,388,1296,29
20200805,CT,50225,17564,6531,9473,712,47,,158,302,15438,9473,25314,15438,4437,3252,656,383,48,2,,34,20,42,383,4012,42
20200805,DC,12443,2479,6162,,187,29,32,,3268,286,3236,7486,1721,587,62,434,77,8,,,,6,0,77,510,0
20200805,DE,15296,5198,3896,3880,208,,,,747,1367,3880,10049,1367,587,362,150,40,1,,,,8,26,40,521,26
20200805,FL,502739,107679,71041,130755,,,,,27257,166007,130755,168896,203088,7751,3554,1478,1929,,,,,309,481,1929,4885,937
20200805,GA,201713,47054,51000,26014,2474,116,193,,5309,69553,26014,88105,87594,3984,1824,1762,238,68,3,7,,23,59,238,3648,98
20200805,GU,397,,,,135,,0,,219,43,,,,5,,,,,,,,,5,,,5
20200805,HI,2763,266,16,,468,,551,,51,1411,,,,27,,,,,,,,,27,,,
20200805,IA,47129,31732,3733,,2333,466,466,,466,7933,8866,30332,7466,900,722,41,,25,5,11,,5,89,61,731,107
20200805,ID,22707,10820,255,,180,148,65,799,2566,7874,3989,7730,10987,217,204,3,,2,2,,,4,2,23,193,1
20200805,IL,187752,45239,30573,55187,4846,261,415,,6871,44360,55187,88205,44360,7770,3392,2067,1570,358,10,9,,51,313,1570,5887,116
20200805,IN,69975,33788,7963,,883,,,,11346,15995,7323,24287,38365,3007,1822,393,,15,,,,374,403,57,1452,1296
20200805,KS,29717,19537,2205,,999,200,,,1615,5161,9710,13570,6437,368,263,66,,9,3,,,17,10,58,294,16
20200805,KY,32741,16819,2623,,516,91,42,1282,,11368,2936,17857,11948,752,559,102,,11,0,,18,,62,26,634,92
20200805,LA,125943,37524,41962,,5120,260,133,,9557,31387,,,125943,4096,1931,1960,,29,4,5,,20,147,81,3686,329
20200805,MA,119643,37344,11145,23548,2524,,,,6554,38528,23548,57567,38528,8659,6515,713,603,220,,,,553,55,603,8001,55
20200805,MD,92426,20106,28480,23217,1674,,,,4070,14879,23217,54330,14879,3536,1506,1447,404,133,,,,36,10,404,3122,10
20200805,ME,3992,2459,887,,104,7,2,30,119,384,165,3189,638,123,111,4,,,,,,0,8,0,105,18
20200805,MI,93893,39876,23766,,1785,371,,6205,5666,16224,7511,61030,25351,6478,3375,2556,,78,18,,100,120,231,129,5376,971
20200805,MN,57779,26475,11954,,3548,504,119,980,6549,7650,10932,37261,9586,1670,1301,157,,73,32,3,22,26,56,75,1531,64
20200805,MO,55321,26554,11617,,,,,2213,2766,12171,4978,33745,16596,1272,751,419,,,,,8,44,45,41,1074,155
20200805,MP,46,,,,,,,,,46,,,,2,,,,,,,,,2,,,
20200805,MS,63444,19458,26794,2101,200,1209,,,5015,8667,2101,38250,23093,1804,760,890,27,1,79,,,24,23,27,1575,202
20200805,MT,4429,2365,22,,12,502,,,38,1490,184,2667,1578,65,23,,,,11,,,,31,,,
20200805,NC,129288,52788,22680,,1593,1427,240,,15406,35154,33966,50064,45258,2050,1154,612,,29,29,4,,139,83,203,1672,175
20200805,ND,7057,,,,,,,,,7057,,,,96,,,,,,,,,96,,,
20200805,NE,27489,16400,1700,,1300,288,38,,1700,6063,9900,10700,6889,335,254,24,,18,10,0,,12,17,77,218,40
20200805,NH,6719,4309,341,758,176,,,,248,887,758,5074,887,418,387,9,11,4,,,,1,6,11,401,6
20200805,NJ,183327,41368,19257,34148,5714,,,,12774,70066,34148,79113,70066,15842,8455,2815,3138,866,,,,287,281,3138,12423,281
20200805,NM,21566,2898,401,8891,138,7707,,,,1531,8891,11144,1531,667,98,4,59,1,236,,,,269,59,339,269
20200805,NV,52828,9684,2532,11356,2296,156,,,5950,20854,11356,20618,20854,890,322,77,122,88,4,,,11,266,122,502,266
20200805,NY,418225,,,,,,,,,418225,,,,28334,8666,6381,6712,1693,,,,1838,3044,6712,18578,3044
20200805,OH,96305,47879,23787,,2508,127,165,2661,6290,12888,6094,66969,23242,3596,2776,682,,39,2,1,45,22,29,40,3472,84
20200805,OK,40564,22142,2764,,1797,3523,,,1601,8737,7507,20562,12495,583,426,36,,15,55,,,19,32,28,457,98
20200805,OR,19979,8117,710,,606,473,429,416,6738,2490,7802,9703,2474,338,229,9,,16,6,6,3,31,38,42,247,49
20200805,PA,115714,38575,15894,,1666,,,,1335,58244,9341,27066,79307,7244,5163,1522,,156,,,,348,55,431,6758,55
20200805,PR,19651,,,,,,,,,19651,,,,246,,,,,,,,,246,,,
20200805,RI,19481,5304,1797,6647,,,,478,545,4710,6647,8124,4710,1012,669,52,89,,,,0,14,188,89,735,188
20200805,SC,95472,31364,24236,,712,,,,6415,32742,7718,42452,44528,1894,845,693,,16,,,,50,304,65,1341,487
20200805,SD,9168,3882,1032,1214,725,1450,,,865,0,1214,7954,0,144,85,2,5,4,35,,,13,0,5,139,0
20200805,TN,114098,51004,22003,,1015,142,83,,16183,23668,18536,62165,33397,1144,661,384,,15,4,2,,70,8,104,1033,7
20200805,TX,459887,10268,5444,15165,711,,,,171,428128,15165,16594,428128,7497,2467,971,3822,180,,,,53,4,3822,3671,4
20200805,UT,42328,16947,1030,16143,925,919,1729,,5151,4691,16143,21494,4691,327,168,6,73,17,29,17,,25,15,73,239,15
20200805,VA,95049,22141,17345,26809,2829,109,,422,2242,23152,26809,45088,23152,2274,1231,561,244,126,2,,1,34,75,244,1955,75
20200805,VI,501,,,,,,,,,501,,,,9,,,,,,,,,9,,,
20200805,VT,1436,1179,164,,54,2,,,30,7,52,1379,5,57,54,,,2,,,,1,0,0,57,0
20200805,WA,60084,14858,2263,17572,2019,695,1075,939,867,19796,17572,22716,19796,1624,1073,52,211,129,39,24,19,35,42,211,1371,42
20200805,WI,61110,37939,8800,,1824,594,,,5792,6161,14325,38974,7811,977,693,212,,29,10,,,17,16,119,837,21
20200805,WV,7159,5540,545,,,,,,1074,0,,,,124,58,3,,,,,,,63,,,
20200805,WY,2923,1444,29,397,19,399,7,,133,608,397,2031,608,27,12,0,2,0,12,,,0,1,2,24,1
20200802,AK,3280,901,93,,94,414,128,92,64,1494,171,1322,1787,24,11,0,,2,8,3,0,0,0,0,24,0
20200802,AL,91444,27780,24645,,337,,,,4804,33867,6101,43215,42136,1627,832,653,,4,,,,32,106,48,1342,236
20200802,AR,43810,22065,9285,,624,121,2167,,5896,3652,10103,33707,0,464,278,118,,7,2,32,,30,0,41,426,0
20200802,AS,,,,,,,,,,,,,,,,,,,,,,,,,,
20200802,AZ,178467,30884,4077,42409,1406,9946,,,4169,85576,42409,50482,85576,3765,1487,117,1049,47,453,,,66,546,1049,2170,546
20200802,CA,509162,56636,14024,189415,17776,767,1927,2640,45266,180711,189415,139036,180711,9356,2713,756,4189,1132,33,48,50,126,309,4189,4858,309
20200802,CO,47716,16301,2275,17080,966,258,169,596,338,9730,17080,20903,9730,1691,1065,113,381,54,10,5,22,6,29,381,1275,29
20200802,CT,49810,17541,6509,9449,708,47,,151,299,15106,9449,25255,15106,4432,3248,656,382,48,2,,33,21,42,382,4008,42
20200802,DC,12274,2445,6044,,184,28,32,,3198,343,3216,7343,1715,586,62,433,77,8,,,,6,0,77,509,0
20200802,DE,14949,5061,3772,3836,205,,,,741,1334,3836,9779,1334,585,361,149,40,1,,,,8,26,40,519,26
20200802,FL,487132,102874,68254,125028,,,,,26570,164406,125028,160446,201658,7206,3295,1384,1799,,,,,284,444,1799,4546,861
20200802,GA,193177,44617,48849,24984,2331,109,185,,5138,66964,24984,84049,84144,3840,1756,1710,232,64,3,8,,20,47,232,3525,83
20200802,GU,367,35,,,126,,128,,44,34,,,,5,,,,,,,,,5,,,5
20200802,HI,2242,266,16,,468,,551,,51,890,,,,26,,,,,,,,,26,,,
20200802,IA,46024,30989,3645,,2278,455,455,,455,7747,8658,29622,7291,876,700,40,,24,4,12,,4,89,57,710,106
20200802,ID,21344,10145,247,,168,140,62,730,2416,7436,3701,7220,10422,197,177,3,,2,3,,,3,9,21,167,9
20200802,IL,183224,43426,29948,54176,4774,255,412,,6716,43517,54176,85531,43517,7714,3358,2060,1566,357,10,9,,49,305,1566,5843,108
20200802,IN,67857,32228,7641,,858,,,,11015,16115,7202,23593,37062,2975,1798,388,,15,,,,368,406,57,1439,1279
20200802,KS,27812,18240,2059,,976,184,,,1511,4842,9223,12586,6003,358,256,65,,9,3,,,15,10,56,286,16
20200802,KY,31185,15878,2473,,516,90,42,1206,,10980,2829,16932,11424,742,553,99,,10,0,,18,,62,26,625,91
20200802,LA,119747,37524,41962,,5120,260,133,,9557,25191,,,119747,4007,1803,1884,,26,4,5,,19,266,77,3494,436
20200802,MA,118458,36914,11034,23250,2494,,,,6452,38314,23250,56894,38314,8638,6496,708,603,220,,,,552,59,603,7976,59
20200802,MD,90274,19904,27823,21797,1685,,,,4118,14947,21797,53530,14947,3515,1494,1434,402,133,,,,39,13,402,3100,13
20200802,ME,3958,2438,874,,104,6,2,28,117,389,161,3152,645,123,107,4,,,,,,0,12,0,100,23
20200802,MI,91761,38649,23547,,1761,358,,6050,5547,15849,7340,59644,24775,6457,3365,2547,,78,19,,101,124,223,129,5359,968
20200802,MN,55947,25516,11568,,3464,484,119,944,6432,7420,10729,36023,9195,1654,1289,154,,73,32,3,22,26,55,73,1519,62
20200802,MO,51840,24883,10886,,,,,2074,2592,11405,5184,31622,15033,1253,745,413,,,,,8,42,42,41,1061,150
20200802,MP,45,,,,,,,,,45,,,,2,,,,,,,,,2,,,
20200802,MS,59637,18079,25571,2001,190,1207,,,5103,8402,2001,35986,22566,1657,703,845,25,1,77,,,21,31,25,1491,187
20200802,MT,4193,2254,22,,11,466,,,34,1406,173,2544,1476,61,23,,,,11,,,,27,,,
20200802,NC,125219,50822,21805,,1547,1378,236,,14896,34535,33304,48162,43753,1969,1106,592,,29,29,3,,133,77,196,1612,161
20200802,ND,6660,,,,,,,,,6660,,,,96,,,,,,,,,105,,,
20200802,NE,26702,15800,1600,,1300,286,38,,1700,5978,9800,10100,6802,332,254,24,,18,10,0,,12,14,77,218,37
20200802,NH,6634,4262,339,747,173,,,,247,866,747,5021,866,417,387,9,11,4,,,,1,5,11,401,5
20200802,NJ,182350,40862,19058,34043,5662,,,,12687,70038,34043,78269,70038,15836,8414,2798,3128,866,,,,286,344,3128,12364,344
20200802,NM,21016,2793,388,8490,134,7633,,,,1578,8490,10948,1578,654,98,4,59,1,236,,,,256,59,339,256
20200802,NV,50205,9511,2486,10430,2199,158,,,5920,19501,10430,20274,19501,832,318,75,119,88,4,,,11,217,119,496,217
20200802,NY,416298,,,,,,,,,416298,,,,28304,8651,6372,6703,1693,,,,1844,3041,6703,18560,3041
20200802,OH,93031,45720,23116,,2410,119,165,2628,6144,12729,5940,64189,22902,3529,2666,665,,39,1,1,47,29,81,83,3322,124
20200802,OK,38225,21060,2625,,1752,3310,,,1489,7989,7507,20562,10156,550,403,34,,13,52,,,19,29,28,457,65
20200802,OR,19097,7555,683,,571,450,415,394,6195,2834,7187,8980,2930,326,219,8,,14,6,6,3,30,40,41,234,51
20200802,PA,113590,37619,15595,,1627,,,,1260,57489,9087,26247,78256,7209,5163,1522,,156,,,,348,20,431,6758,20
20200802,PR,18411,,,,,,,,,18411,,,,230,,,,,,,,,230,,,
20200802,RI,19022,5128,1742,6383,,,,,523,5246,6383,7393,5246,1007,666,52,87,,,,,14,188,87,732,188
20200802,SC,91788,29654,22914,,673,,,,6065,32479,6909,38000,46878,1777,793,634,,15,,,,47,286,61,1256,459
20200802,SD,8955,3711,1028,1206,725,1424,,,861,0,1206,7749,0,135,,,,,,,,,135,,,
20200802,TN,109627,47067,20401,,983,133,80,,15253,25710,18101,59028,32498,1073,610,359,,16,3,2,,64,19,100,955,18
20200802,TX,430485,9737,4997,14534,703,,,,166,400348,14534,15603,400348,6837,2280,910,3423,167,,,,53,4,3423,3410,4
20200802,UT,41175,16351,1006,15769,900,886,1652,,5029,4660,15769,20746,4660,311,161,5,71,16,27,16,,23,14,71,226,14
20200802,VA,91782,21188,16435,26427,2749,105,,397,2157,22324,26427,43031,22324,2218,1204,541,239,123,2,,0,33,76,239,1903,76
20200802,VI,421,,,,,,,,,421,,,,8,,,,,,,,,8,,,
20200802,VT,1426,1169,163,,54,2,,,30,8,52,1368,6,57,54,,,2,,,,1,0,0,57,0
20200802,WA,57541,14286,2134,17004,1970,663,1048,899,836,18701,17004,21836,18701,1592,1048,51,206,129,39,24,19,35,41,206,1345,41
20200802,WI,58990,36460,8621,,1773,573,,,5642,5921,13997,37488,7505,955,675,211,,27,10,,,15,17,114,821,20
20200802,WV,6854,5265,522,,,,,,1067,0,,,,117,58,3,,,,,,,56,,,
20200802,WY,2848,1404,28,387,18,399,7,,130,585,387,1986,585,27,12,0,2,0,12,,,0,1,2,24,1
20200729,AK,2797,852,81,,83,366,103,68,48,1196,150,1215,1432,22,11,0,,2,8,1,0,0,0,0,22,0
20200729,AL,83782,25915,23239,,309,,,,4527,29789,5832,40720,37228,1538,779,623,,4,,,,29,103,48,1267,223
20200729,AR,40968,20527,8673,,587,120,2103,,5456,3502,9493,31475,0,434,255,113,,6,2,31,,30,0,43,394,0
20200729,AS,,,,,,,,,,,,,,,,,,,,,,,,,,
20200729,AZ,168273,29227,3822,38887,1309,9631,,,3978,81419,38887,47967,81419,3454,1372,104,946,42,430,,,57,503,946,2005,503
20200729,CA,475305,53194,13099,170398,16699,713,1806,2305,45580,171511,170398,133396,171511,8715,2516,710,3846,1073,32,47,46,109,336,3846,4533,336
20200729,CO,45796,13819,1982,15183,873,217,136,413,315,12850,15183,17755,12850,1688,1041,112,375,55,11,5,21,6,56,375,1251,56
20200729,CT,49540,17496,6469,9423,708,46,,149,299,14950,9423,25167,14950,4425,3243,654,382,48,2,,33,21,42,382,4001,42
20200729,DC,11999,2417,5908,,184,28,32,,3138,292,3199,7192,1608,584,62,431,77,8,,,,6,0,77,507,0
20200729,DE,14602,4900,3714,3756,205,,,,731,1296,3756,9550,1296,581,359,148,39,1,,,,8,26,39,516,26
20200729,FL,451123,94353,62829,113409,,,,,22877,157655,113409,145985,191729,6457,2988,1268,1547,,,,,249,405,1547,4162,748
20200729,GA,178323,40916,45551,23439,2142,96,177,,4715,61287,23439,78172,76712,3642,1656,1634,216,62,3,7,,18,46,216,3349,77
20200729,GU,354,35,,,126,,128,,44,21,,,,5,,,,,,,,,5,,,5
20200729,HI,1865,241,12,,424,,468,,39,681,,,,26,,,,,,,,,26,,,
20200729,IA,43362,29054,3469,,2168,433,433,,433,7372,8673,28187,6938,849,680,38,,24,5,11,,3,84,56,687,101
20200729,ID,19679,9421,235,,161,132,60,646,2289,6735,3458,6697,9523,173,159,3,,2,3,,,3,3,20,150,3
20200729,IL,176366,40935,29105,52814,4664,241,406,,6513,41688,52814,81864,41688,7654,3327,2045,1556,355,10,9,,51,301,1556,5797,109
20200729,IN,64299,30602,7359,,836,,,,10704,14798,6960,22116,35223,2932,1773,384,,15,,,,365,395,54,1425,1254
20200729,KS,26870,17571,2003,,954,179,,,1454,4709,8933,12134,5803,349,250,63,,9,3,,,14,10,54,280,15
20200729,KY,28727,14885,2277,,516,86,39,1115,,9809,2689,15557,10481,724,543,96,,11,0,,16,,58,27,611,86
20200729,LA,112773,37524,41962,,5120,260,133,,9557,18217,,,112773,3883,1803,1884,,26,4,5,,19,142,77,3494,312
20200729,MA,116684,36260,10934,22789,2456,,,,6297,37948,22789,55947,37948,8580,6449,703,599,219,,,,551,59,599,7922,59
20200729,MD,86285,18746,26189,21311,1625,,,,3984,14430,21311,50544,14430,3478,1476,1414,395,132,,,,35,26,395,3057,26
20200729,ME,3866,2372,867,,102,6,2,26,115,376,152,3081,633,121,107,4,,,,,,0,10,0,100,21
20200729,MI,88974,37102,23234,,1733,341,,5830,5312,15422,7117,57833,24022,6422,3338,2537,,78,19,,101,123,226,128,5330,963
20200729,MN,52947,24013,10912,,3350,455,109,907,6252,6949,10320,34081,8546,1629,1271,149,,70,32,3,22,25,57,71,1494,64
20200729,MO,46750,22440,10285,,,,,1870,0,12155,4675,28517,13557,1220,724,403,,,,,8,39,43,37,1033,148
20200729,MP,40,,,,,,,,,40,,,,2,,,,,,,,,2,,,
20200729,MS,55804,16491,23995,1920,178,1197,,,4719,7304,1920,33989,19895,1563,649,780,24,0,76,,,19,15,24,1396,143
20200729,MT,3676,2031,21,,9,420,,,32,1163,156,2305,1215,54,23,,,,11,,,,20,,,
20200729,NC,117850,47213,20252,,1460,1192,234,,13907,33592,31951,44798,41101,1865,1047,576,,27,27,3,,122,63,185,1542,138
20200729,ND,6227,,,,,,,,,6227,,,,92,,,,,,,,,92,,,
20200729,NE,25422,15000,1600,,1300,284,37,,1700,5501,9700,9400,6322,324,245,24,,18,9,0,,12,16,76,209,39
20200729,NH,6513,4175,338,718,171,,,,248,863,718,4932,863,411,382,9,11,4,,,,1,4,11,396,4
20200729,NJ,180766,39523,18566,33084,5512,,,,12393,71688,33084,75994,71688,15798,7366,2491,2762,752,,,,247,2180,2762,10856,2180
20200729,NM,20136,2661,374,7965,128,7516,,,,1492,7965,10679,1492,632,98,4,59,1,236,,,,234,59,339,234
20200729,NV,45806,8709,2303,9821,2070,133,,,5313,17457,9821,18528,17457,780,306,74,115,85,4,,,11,185,115,480,185
20200729,NY,413593,,,,,,,,,413593,,,,28247,8637,6360,6694,1687,,,,1845,3024,6694,18529,3024
20200729,OH,87893,42839,22203,,2292,112,157,2532,5912,11846,5679,60706,21508,3422,2589,657,,39,1,1,45,25,65,76,3246,100
20200729,OK,34623,19227,2431,,1680,2960,,,1358,6967,7305,19839,7479,523,388,31,,12,47,,,17,28,28,445,50
20200729,OR,17721,7261,670,,546,432,406,389,5891,2126,6825,8685,2211,311,214,8,,14,6,6,3,28,32,39,229,43
20200729,PA,110218,36166,15159,,1574,,,,1170,56149,8774,25177,76267,7162,5018,1484,,151,,,,339,170,418,6574,170
20200729,PR,16061,,,,,,,,,16061,,,,211,,,,,,,,,211,,,
20200729,RI,18800,5128,1742,6383,,,,,523,5024,6383,7393,5024,1007,666,52,87,,,,,14,188,87,732,188
20200729,SC,85846,28411,21466,,631,,,,5682,30286,6909,38000,40936,1615,718,589,,14,,,,43,249,55,1138,420
20200729,SD,8641,3488,1016,1191,723,1385,,,838,0,1191,7450,0,129,,,,,,,,,129,,,
20200729,TN,100822,43077,19079,,930,119,77,,13952,23588,17390,54531,28901,1020,574,347,,15,3,2,,64,15,96,911,13
20200729,TX,403307,8874,4442,13589,698,,,,156,375548,13589,14170,375548,6190,2147,866,2965,158,,,,50,4,2965,3221,4
20200729,UT,39194,15497,962,15159,854,836,1553,,4803,4351,15159,19684,4351,292,149,5,69,16,25,15,,23,12,69,211,12
20200729,VA,87993,20104,15473,25836,2652,102,,368,2083,21375,25836,40782,21375,2125,1151,512,234,120,2,,0,32,74,234,1817,74
20200729,VI,385,,,,,,,,,385,,,,8,,,,,,,,,8,,,
20200729,VT,1406,1154,160,,54,2,,,29,7,52,1348,6,56,53,,,2,,,,1,0,0,56,0
20200729,WA,54205,13215,1984,15612,1867,626,1005,838,811,18247,15612,20346,18247,1548,1011,49,206,127,39,22,18,33,43,206,1299,43
20200729,WI,54988,33649,8257,,1711,526,,,5249,5596,13254,34774,6960,918,643,207,,26,10,,,15,17,110,790,18
20200729,WV,6326,4877,489,,,,,,960,0,,,,112,58,3,,,,,,,51,,,
20200729,WY,2628,1290,26,341,13,386,8,,110,547,341,1833,547,26,12,0,2,0,11,,,0,1,2,23,1
20200726,AK,2524,810,70,,79,318,92,56,43,1056,143,1137,1244,20,11,0,,2,5,1,0,0,1,0,19,1
20200726,AL,79294,24667,22269,,286,,,,4331,27739,5677,38938,34677,1473,740,599,,4,,,,29,101,47,1212,214
20200726,AR,38623,19139,8161,,561,113,2072,,5253,3324,9031,29592,0,401,232,106,,6,2,30,,27,0,40,363,0
20200726,AS,,,,,,,,,,,,,,,,,,,,,,,,,,
20200726,AZ,162014,25751,3457,36771,1188,9443,,,3524,81880,36771,43363,81880,3305,1233,97,902,35,417,,,54,567,902,1836,567
20200726,CA,453659,50967,12503,162991,16090,662,1738,2195,43453,163060,162991,127608,163060,8416,2474,697,3740,1056,31,45,42,112,219,3740,4457,219
20200726,CO,44336,13348,1939,14682,852,214,131,399,300,12463,14682,17183,12463,1661,1031,110,364,53,11,5,20,6,57,364,1236,57
20200726,CT,48776,17183,6376,9261,697,44,,145,293,14777,9261,24738,14777,4413,3232,653,381,48,2,,33,21,43,381,3989,43
20200726,DC,11780,2389,5802,,183,28,31,,3055,292,3154,7067,1559,581,62,429,76,8,,,,6,0,76,505,0
20200726,DE,14290,4761,3624,3696,200,,,,721,1288,3696,9306,1288,579,358,147,39,1,,,,8,26,39,514,26
20200726,FL,423855,87731,58741,105004,,,,,20132,152247,105004,134875,183976,5972,2750,1189,1452,,,,,227,354,1452,3866,654
20200726,GA,167953,38541,43083,22291,2024,96,170,,4526,57222,22291,73980,71682,3498,1591,1587,205,59,4,7,,16,29,205,3240,53
20200726,GU,337,35,,,126,,128,,29,19,,,,5,,,,,,,,,5,,,5
20200726,HI,1683,241,12,,424,,468,,39,499,,,,26,,,,,,,,,26,,,
20200726,IA,42624,28276,3376,,2110,422,422,,422,7596,8440,27010,6752,828,662,41,,24,8,8,,0,82,57,670,99
20200726,ID,18177,8649,222,,151,122,52,606,2119,6256,3210,6180,8786,146,132,3,,2,2,,,2,5,19,122,5
20200726,IL,172666,39544,28568,52176,4589,234,404,,6438,40713,52176,79777,40713,7590,3294,2033,1540,353,10,9,,52,299,1540,5751,107
20200726,IN,62372,28600,6966,,811,,,,10184,15811,6815,21382,34175,2903,1743,382,,14,,,,362,402,54,1408,1244
20200726,KS,25109,16357,1844,,913,170,,,1325,4500,8389,11167,5553,326,233,63,,9,3,,,9,9,43,269,14
20200726,KY,27079,14138,2171,,490,82,37,1051,,9110,2622,14713,9744,700,529,94,,8,0,,16,,53,27,593,80
20200726,LA,107574,31163,36693,,4463,217,115,,8234,26689,,,107574,3763,1679,1803,,23,4,5,,18,231,73,3303,387
20200726,MA,115637,35833,10824,22566,2432,,,,6218,37764,22566,55307,37764,8529,6413,699,594,219,,,,549,55,594,7880,55
20200726,MD,83748,18088,25116,21032,1597,,,,3885,14030,21032,48686,14030,3440,1463,1402,393,131,,,,35,16,393,3031,16
20200726,ME,3814,2327,859,,101,6,2,26,115,378,149,3034,631,119,106,3,,,,,,0,10,0,98,21
20200726,MI,86661,35876,22949,,1714,329,,5696,5207,14890,6932,56329,23398,6400,3325,2531,,79,19,,102,121,223,128,5312,960
20200726,MN,51153,23060,10500,,3277,430,112,871,6110,6793,10055,32810,8288,1614,1262,149,,70,31,3,22,21,56,70,1481,63
20200726,MO,41927,19706,9224,,,,,1258,2096,9643,4234,25701,11995,1197,713,396,,,,,9,37,41,37,1016,143
20200726,MP,40,,,,,,,,,40,,,,2,,,,,,,,,2,,,
20200726,MS,52304,14835,22107,1851,165,1188,,,4310,7848,1851,31325,19128,1495,615,738,24,0,76,,,17,25,24,1331,140
20200726,MT,3342,1932,20,,9,395,,,32,954,151,2193,998,46,17,,,,10,,,,19,,,
20200726,NC,112713,44435,19045,,1408,1103,218,,13178,33326,30721,42236,39756,1785,994,558,,26,26,3,,116,62,177,1478,130
20200726,ND,5876,,,,,,,,,5876,,,,91,,,,,,,,,91,,,
20200726,NE,24618,14400,1500,,1300,271,33,,1700,5414,9600,8900,6118,316,240,24,,18,9,0,,12,13,74,206,36
20200726,NH,6436,4116,335,707,171,,,,248,859,707,4870,859,409,381,9,11,4,,,,1,3,11,395,3
20200726,NJ,179363,39327,18497,33016,5497,,,,12224,70802,33016,75545,70802,15787,7358,2486,2752,750,,,,244,2197,2752,10838,2197
20200726,NM,19042,2494,342,7451,123,7350,,,,1282,7451,10309,1282,614,98,4,59,1,236,,,,216,59,339,216
20200726,NV,42843,8061,2160,8731,1909,128,,,4928,16926,8731,17186,16926,734,294,71,109,83,4,,,11,162,109,463,162
20200726,NY,411736,,,,,,,,,411736,,,,28211,8625,6349,6682,1686,,,,1850,3019,6682,18510,3019
20200726,OH,84073,40577,21499,,2220,106,154,2444,5728,11345,5511,57939,20623,3307,2504,641,,36,1,1,42,26,56,73,3146,88
20200726,OK,31285,17629,2255,,1637,2593,,,1245,5926,6695,18302,6288,496,370,31,,12,44,,,12,27,25,423,48
20200726,OR,16758,6636,606,,508,385,385,347,5262,2629,6105,7897,2756,289,202,6,,12,3,6,3,23,34,34,214,41
20200726,PA,107425,34900,14600,,1500,,,,1100,55325,8600,24400,74425,7118,5018,1484,,151,,,,339,126,418,6574,126
20200726,PR,15143,,,,,,,,,15143,,,,201,,,,,,,,,201,,,
20200726,RI,18224,4939,1671,6171,,,,,493,4950,6171,7103,4950,1002,662,51,85,,,,,13,191,85,726,191
20200726,SC,81199,26500,19433,,588,,,,5300,29376,7112,34915,39170,1491,642,526,,12,,,,38,271,49,1020,408
20200726,SD,8395,3292,1006,1175,719,1360,,,843,0,1175,7220,0,123,,,,,,,,,123,,,
20200726,TN,93936,39810,18149,,898,111,73,,12786,22109,16730,49169,28037,967,543,336,,15,2,2,,60,9,91,859,17
20200726,TX,381656,8341,4059,12980,683,,,,153,355440,12980,13236,355440,5038,336,99,237,16,,,,2,4348,237,453,4348
20200726,UT,37973,14847,941,14749,828,817,1490,,4665,4306,14749,18918,4306,274,140,5,65,15,21,14,,22,12,65,197,12
20200726,VA,84567,19270,14548,25397,2566,99,,336,2005,20346,25397,38824,20346,2078,1129,494,230,120,2,,0,29,74,230,1774,74
20200726,VI,361,,,,,,,,,361,,,,7,,,,,,,,,7,,,
20200726,VT,1400,1149,159,,53,2,,,29,8,52,1343,5,56,53,,,2,,,,1,0,0,56,0
20200726,WA,52635,12849,1903,15202,1832,611,987,807,802,17642,15202,19791,17642,1501,986,49,200,125,33,21,17,33,37,200,1264,37
20200726,WI,52680,32024,7984,,1661,508,,,5080,5423,12854,33120,6706,899,629,203,,26,10,,,15,16,109,774,16
20200726,WV,5960,4614,453,,,,,,893,0,,,,103,58,3,,,,,,,42,,,
20200726,WY,2475,1199,24,312,12,379,8,,97,533,312,1719,533,25,12,0,2,0,10,,,0,1,2,22,1
20200722,AK,2132,750,49,,67,282,76,61,38,809,117,1045,970,19,11,0,,2,4,1,0,0,1,0,18,1
20200722,AL,71813,22694,20884,,267,,,,3957,24002,5457,36516,29832,1364,672,561,,4,,,,27,100,45,1126,193
20200722,AR,35246,17406,7521,,498,101,1985,,4638,3097,8411,26835,0,380,214,100,,6,0,30,,27,3,41,336,3
20200722,AS,,,,,,,,,,,,,,,,,,,,,,,,,,
20200722,AZ,150609,24130,3246,34645,1096,9085,,,3034,75373,34645,40591,75373,2974,1128,86,786,32,394,,,53,495,786,1693,495
20200722,CA,413576,46562,11396,146903,14920,587,1590,1967,40455,149196,146903,117477,149196,7870,2347,660,3455,1008,27,41,41,93,198,3455,4217,198
20200722,CO,41698,12771,1874,13897,840,204,127,381,285,11311,13897,16482,11311,1643,1020,109,361,53,11,5,20,6,53,361,1224,53
20200722,CT,48223,17226,6375,9249,695,44,,143,293,14198,9249,24776,14198,4406,3230,651,380,48,2,,32,21,42,380,3984,42
20200722,DC,11529,2343,5637,,178,27,30,,2976,338,3116,6857,1556,580,62,428,76,8,,,,6,0,76,504,0
20200722,DE,13792,4584,3529,3605,192,,,,661,1221,3605,8966,1221,527,327,135,35,1,,,,6,23,35,469,23
20200722,FL,379619,78227,52834,93126,,,,,15553,139879,93126,120581,165912,5459,2515,1061,1358,,,,,185,340,1358,3502,599
20200722,GA,152302,35048,39008,20562,1837,89,153,,4191,51414,20562,67284,64456,3335,1503,1516,196,53,5,7,,15,40,196,3074,65
20200722,GU,332,35,,,126,,128,,27,16,,,,5,,,,,,,,,5,,,5
20200722,HI,1435,221,10,,382,,405,,32,385,,,,25,,,,,,,,,25,,,
20200722,IA,40081,26456,3206,,2004,400,400,,400,7215,8417,25654,6413,812,649,40,,24,8,8,,0,81,56,657,97
20200722,ID,16322,7861,207,,140,119,46,563,1921,5465,2939,5674,7708,135,124,2,,2,2,,,1,0,14,117,4
20200722,IL,166476,37393,27704,50999,4497,230,395,,6190,39068,50999,76409,39068,7540,3268,2024,1531,349,10,9,,51,298,1531,5711,105
20200722,IN,58673,26963,6696,,774,,,,9848,14392,6472,19909,32292,2863,1720,377,,14,,,,359,393,53,1395,1218
20200722,KS,24104,15587,1780,,888,166,,,1282,4401,8094,10582,5428,308,216,64,,9,2,,,9,8,40,255,13
20200722,KY,24540,12843,2044,,480,77,37,965,,8094,2454,13587,8499,677,515,92,,8,0,,16,,46,25,577,75
20200722,LA,99354,31163,36693,,4463,217,115,,8234,18469,,,99354,3670,1679,1803,,23,4,5,,18,138,73,3303,294
20200722,MA,114320,35350,10731,22344,2409,,,,6106,37380,22344,54596,37380,8468,6366,693,586,218,,,,545,60,586,7822,60
20200722,MD,80172,16887,23503,20505,1532,,,,3773,13972,20505,45695,13972,3405,1454,1384,388,131,,,,36,12,388,3005,12
20200722,ME,3723,2253,848,,95,7,2,25,115,378,146,2956,621,118,106,3,,,,,,0,9,0,98,20
20200722,MI,83730,34385,22633,,1691,323,,5558,5003,14137,6698,54424,22607,6388,3318,2525,,80,19,,103,122,221,127,5302,958
20200722,MN,47961,21457,9842,,3153,405,107,807,5874,6316,9652,30755,7554,1592,1239,152,,67,31,3,22,20,58,67,1460,65
20200722,MO,36063,16950,8294,,,,,1082,2164,7573,3757,22294,10013,1159,680,391,,,,,10,32,44,32,987,139
20200722,MP,38,,,,,,,,,38,,,,2,,,,,,,,,2,,,
20200722,MS,47071,13476,20721,1795,149,1165,,,3670,6095,1795,29552,15724,1423,582,715,24,0,76,,,16,10,24,1272,127
20200722,MT,2813,1672,15,,8,318,,,32,769,137,1875,801,42,17,,,,10,,,,15,,,
20200722,NC,105001,40399,17314,,1301,911,210,,12039,32827,29052,39004,36945,1698,945,536,,25,25,4,,106,57,166,1410,122
20200722,ND,5367,,,,,,,,,5367,,,,88,,,,,,,,,88,,,
20200722,NE,23486,13600,1400,,1300,256,33,,1600,5297,9400,8300,5786,311,237,23,,18,7,0,,12,14,74,202,35
20200722,NH,6295,4012,325,657,164,,,,246,891,657,4747,891,402,375,9,11,4,,,,1,2,11,389,2
20200722,NJ,177645,38813,18328,32730,5437,,,,12164,70173,32730,74742,70173,15707,7326,2476,2730,745,,,,243,2187,2730,10790,2187
20200722,NM,17828,2347,324,6722,123,7159,,,,1153,6722,9953,1153,591,98,4,59,1,236,,,,193,59,339,193
20200722,NV,38657,7023,1949,7920,1735,107,,,3868,16055,7920,14682,16055,704,288,70,102,82,4,,,11,147,102,455,147
20200722,NY,408886,,,,,,,,,408886,,,,28132,8597,6329,6665,1683,,,,1842,3016,6665,18451,3016
20200722,OH,78742,37618,20518,,2149,95,147,2359,5420,10436,5283,54505,18954,3235,2454,627,,36,1,1,39,24,53,71,3077,87
20200722,OK,27301,15339,2001,,1556,2099,,,1091,5215,5788,16025,5488,474,355,30,,11,42,,,11,25,21,407,46
20200722,OR,15393,6378,589,,491,350,377,342,5032,1834,5852,7601,1940,271,197,6,,12,3,6,2,23,22,34,210,27
20200722,PA,103396,32200,14000,,1500,,,,973,54723,8200,23300,71900,7063,5018,1484,,151,,,,339,71,418,6574,71
20200722,PR,13038,,,,,,,,,13038,,,,185,,,,,,,,,185,,,
20200722,RI,18062,4939,1671,6171,,,,,493,4788,6171,7103,4788,997,662,51,85,,,,,13,186,85,726,186
20200722,SC,75042,24682,18100,,548,,,,4936,26774,6680,32794,35567,1285,566,485,,11,,,,34,185,44,928,311
20200722,SD,8077,3071,995,1162,716,1320,,,813,0,1162,6915,0,119,,,,,,,,,119,,,
20200722,TN,84417,35281,16107,,832,97,69,,12059,19972,15996,44823,23598,888,489,319,,15,0,2,,55,8,83,793,12
20200722,TX,351618,7428,3491,11999,671,,,,148,327881,11999,11738,327881,4348,329,95,229,15,,,,1,3679,229,440,3679
20200722,UT,35578,13808,886,13994,799,769,1387,,4384,3965,13994,17619,3965,260,129,5,63,13,21,14,,22,13,63,184,13
20200722,VA,80393,17960,13324,24824,2460,96,,289,1854,19586,24824,35983,19586,2051,1112,484,226,117,2,,0,29,81,226,1744,81
20200722,VI,336,,,,,,,,,336,,,,7,,,,,,,,,7,,,
20200722,VT,1366,1124,151,,53,2,,,29,7,50,1311,5,56,53,,,2,,,,1,0,0,56,0
20200722,WA,49247,11704,1743,13990,1715,509,953,699,753,17181,13990,18076,17181,1468,946,49,198,123,31,16,17,33,55,198,1215,55
20200722,WI,48583,29339,7478,,1574,460,,,4778,4954,12182,30404,5997,872,611,199,,23,10,,,15,14,104,755,13
20200722,WV,5461,4290,411,,,,,,759,1,,,,102,58,3,,,,,,,41,,,
20200722,WY,2288,1088,22,294,11,367,7,,93,504,294,1588,504,25,13,0,2,0,10,,,0,0,2,22,0
20200719,AK,1874,726,45,,67,247,66,53,38,632,110,1000,764,18,11,0,,2,4,1,0,0,0,0,18,0
20200719,AL,67011,21399,19864,,256,,,,3754,21735,5256,34691,27057,1287,637,537,,4,,,,23,86,39,1074,173
20200719,AR,33228,16216,7041,,459,90,1907,,4597,2918,7926,25302,0,357,202,93,,6,0,29,,25,2,35,320,2
20200719,AS,,,,,,,,,,,,,,,,,,,,,,,,,,
20200719,AZ,143624,23041,3102,33082,1056,8827,,,2780,71736,33082,38806,71736,2761,1065,81,720,29,379,,,51,436,720,1605,436
20200719,CA,384692,43542,10678,137657,14187,550,1496,1842,37417,137323,137657,109712,137323,7685,2298,654,3359,993,25,40,41,91,184,3359,4142,184
20200719,CO,40142,12367,1840,13460,826,200,122,374,277,10672,13460,16006,10672,1615,1005,108,353,53,9,5,20,6,52,353,1206,52
20200719,CT,47893,17025,6278,9070,690,44,,139,288,14359,9070,24464,14359,4396,3218,651,380,49,2,,31,21,44,380,3972,44
20200719,DC,11261,2308,5550,,175,27,30,,2882,289,3096,6740,1425,578,62,426,76,8,,,,6,0,76,502,0
20200719,DE,13519,4468,3443,3564,190,,,,650,1204,3564,8751,1204,523,326,134,34,1,,,,6,22,34,467,22
20200719,FL,350047,72327,48659,86224,,,,,13390,129447,86224,111819,152004,5091,2345,981,1286,,,,,174,305,1286,3276,529
20200719,GA,143123,32811,36585,19562,1761,79,145,,4055,48125,19562,63450,60111,3173,1428,1463,181,49,4,7,,12,29,181,2945,47
20200719,GU,319,35,,,125,,126,,19,14,,,,5,,,,,,,,,5,,,5
20200719,HI,1381,221,10,,382,,405,,32,331,,,,24,,,,,,,,,24,,,
20200719,IA,38721,25557,3097,,1936,387,387,,387,6970,8131,24395,6195,793,626,39,,23,7,15,,0,79,55,642,95
20200719,ID,14873,7099,191,,128,115,45,514,1709,5069,2675,5151,7046,119,109,1,,2,1,,,1,0,9,105,5
20200719,IL,162750,36127,27157,50397,4436,229,392,,6015,37997,50397,74356,37997,7488,3251,2012,1510,347,10,9,,50,299,1510,5679,106
20200719,IN,56571,26104,6564,,761,,,,9651,13491,6300,19160,31111,2822,1704,373,,14,,,,350,381,52,1380,1197
20200719,KS,21965,14176,1644,,856,149,,,1088,4052,7620,9492,4853,299,207,64,,9,2,,,9,8,37,249,13
20200719,KY,23161,11769,1945,,469,72,38,904,,7964,2312,12779,8070,670,508,91,,8,0,,14,,49,25,571,74
20200719,LA,91706,,,,,,,,,91706,,,91706,3543,1468,1671,,23,4,5,,16,273,72,311,3160
20200719,MA,113534,34921,10663,22198,2390,,,,6035,37327,22198,54009,37327,8431,6337,691,582,217,,,,545,59,582,7790,59
20200719,MD,78131,16383,22887,20321,1510,,,,3707,13323,20321,44487,13323,3377,1441,1370,382,130,,,,37,17,382,2978,17
20200719,ME,3687,2214,839,,93,7,2,25,114,393,148,2907,632,114,104,2,,,,,,0,8,0,97,17
20200719,MI,81868,33338,22293,,1671,318,,5428,4886,13934,6549,53214,22104,6366,3306,2516,,80,19,,105,121,219,127,5283,954
20200719,MN,46204,20351,9345,,3074,378,97,776,5293,6890,9392,29092,7720,1581,1234,151,,67,30,3,22,18,56,64,1455,62
20200719,MO,33094,14985,7705,,,,,994,1923,7487,3541,20518,9031,1129,666,383,,,,,11,33,45,33,959,135
20200719,MP,37,,,,,,,,,37,,,,2,,,,,,,,,2,,,
20200719,MS,42638,12016,19084,1742,133,1154,,,2936,5573,1742,27490,13406,1355,555,670,23,0,76,,,13,18,23,1223,109
20200719,MT,2533,1458,13,,5,275,,,32,750,121,1629,783,37,17,,,,10,,,,10,,,
20200719,NC,99778,37950,16174,,1237,804,205,,11259,32149,27836,36805,35137,1634,910,517,,25,24,3,,99,56,157,1362,115
20200719,ND,5019,,,,,,,,,5019,,,,82,,,,,,,,,82,,,
20200719,NE,22583,13200,1400,,1300,250,33,,1600,4800,9300,7900,5383,301,231,22,,17,7,0,,11,13,71,196,34
20200719,NH,6203,3945,320,632,163,,,,248,895,632,4676,895,398,372,9,11,4,,,,1,1,11,386,1
20200719,NJ,176783,38404,18190,32532,5407,,,,12179,70071,32532,74180,70071,15706,7291,2467,2721,741,,,,241,2245,2721,10740,2245
20200719,NM,16971,2216,307,6269,118,6983,,,,1078,6269,9624,1078,571,98,4,59,1,236,,,,173,59,339,173
20200719,NV,35765,6454,1814,7130,1583,107,,,3473,15204,7130,13431,15204,647,275,69,91,82,4,,,11,115,91,441,115
20200719,NY,406807,,,,,,,,,406807,,,,28091,8597,6345,6637,1702,,,,1798,3012,6637,18442,3012
20200719,OH,74932,35500,19678,,2076,90,141,2305,5264,9878,5104,51842,17986,3174,2413,614,,35,1,1,40,22,48,69,3020,85
20200719,OK,25265,14214,1875,,1528,1809,,,1016,4823,5356,14932,4977,451,339,30,,10,37,,,11,24,19,390,42
20200719,OR,14579,5710,561,,454,299,360,329,4457,2409,5206,6855,2518,260,188,6,,10,3,6,2,20,25,31,199,30
20200719,PA,101027,32200,13700,,1400,,,,942,52785,8000,22600,70400,7015,5018,1484,,151,,,,339,23,418,6574,23
20200719,PR,12063,,,,,,,,,12063,,,,178,,,,,,,,,178,,,
20200719,RI,17793,4878,1629,6072,,,,,487,4727,6072,6994,4727,990,656,51,85,,,,,13,185,85,720,185
20200719,SC,69986,22463,16472,,499,,,,4492,26058,6051,29705,34228,1155,512,439,,10,,,,31,161,40,836,267
20200719,SD,7906,2958,993,1149,714,1301,,,791,0,1149,6757,0,118,,,,,,,,,118,,,
20200719,TN,78115,32383,15317,,788,92,60,,11268,18207,15326,39505,23284,843,468,304,,14,0,2,,51,4,80,758,5
20200719,TX,325030,6998,3249,11458,661,,,,147,302517,11458,11055,302517,3958,325,95,221,16,,,,2,3299,221,438,3299
20200719,UT,34117,13086,848,13518,757,744,1317,,4205,3875,13518,16724,3875,243,121,5,58,13,21,13,,19,12,58,173,12
20200719,VA,77430,17184,12527,24429,2402,92,,276,1792,18728,24429,34273,18728,2027,1094,477,223,117,2,,0,26,88,223,1716,88
20200719,VI,297,,,,,,,,,297,,,,6,,,,,,,,,6,,,
20200719,VT,1350,1110,150,,53,2,,,29,6,50,1295,5,56,53,,,2,,,,1,0,0,56,0
20200719,WA,46946,11384,1696,13678,1682,497,920,675,743,15671,13678,17597,15671,1447,933,48,193,118,32,14,17,32,60,193,1194,60
20200719,WI,45948,27497,7231,,1509,424,,,4548,4739,11773,28516,5659,851,595,198,,23,10,,,11,14,99,742,10
20200719,WV,5042,3956,365,,,,,,721,0,,,,100,58,3,,,,,,,39,,,
20200719,WY,2126,1007,20,278,10,355,8,,89,477,278,1489,477,24,11,0,2,0,10,,,0,1,2,21,1
20200715,AK,1631,672,39,,65,204,53,43,36,519,99,921,611,17,11,0,,2,3,1,0,0,0,0,17,0
20200715,AL,59067,19231,18335,,232,,,,3417,17855,4960,31843,22262,1211,593,516,,4,,,,23,75,35,1019,156
20200715,AR,30297,14673,6444,,425,78,1832,,4138,2707,7323,22974,0,335,188,87,,6,0,29,,23,2,33,300,2
20200715,AS,,,,,,,,,,,,,,,,,,,,,,,,,,
20200715,AZ,131354,21232,2882,30361,968,8322,,,2508,65081,30361,35912,65081,2434,970,69,601,27,353,,,48,366,601,1467,366
20200715,CA,347634,39528,9697,122179,13167,482,1348,1621,35554,124058,122179,101397,124058,7227,2190,621,3091,949,25,34,41,87,189,3091,3947,189
20200715,CO,38155,11869,1784,12957,807,189,119,365,273,9787,12957,15406,9787,1601,998,108,348,53,8,5,19,7,51,348,1198,51
20200715,CT,47636,17043,6273,9047,689,44,,139,291,14110,9047,24479,14110,4380,3211,646,376,48,2,,31,21,45,376,3959,45
20200715,DC,11026,2253,5431,,170,27,29,,2840,276,3069,6575,1382,571,60,424,74,8,,,,5,0,74,497,0
20200715,DE,13050,4241,3333,3498,187,,,,623,1168,3498,8384,1168,521,325,134,33,1,,,,6,22,33,466,22
20200715,FL,301810,63104,42761,76269,,,,,10782,108894,76269,97951,127590,4626,2135,908,1164,,,,,154,265,1164,3015,447
20200715,GA,127834,29953,33489,18261,1648,66,123,,3657,40637,18261,58243,51330,3091,1401,1436,171,49,4,6,,12,12,171,2893,27
20200715,GU,314,34,,,125,,123,,19,13,,,,5,,,,,,,,,5,,,5
20200715,HI,1292,205,10,,340,,346,,26,365,,,,22,,,,,,,,,22,,,
20200715,IA,37048,23973,3269,,2179,363,363,,363,6538,7991,22520,5811,772,609,38,,23,7,15,,0,77,54,625,92
20200715,ID,12445,6057,165,,111,101,43,442,1371,4151,2327,4497,5620,110,101,1,,2,1,,,1,0,8,98,4
20200715,IL,157825,34463,26330,49483,4373,228,390,,5827,36731,49483,71611,36731,7427,3219,1998,1491,346,10,8,,52,303,1491,5633,102
20200715,IN,53370,24730,6311,,748,,,,9259,12322,5971,17907,29492,2785,1682,371,,13,,,,344,375,51,1367,1174
20200715,KS,20933,13490,1585,,837,143,,,1017,3861,7351,9010,4572,299,207,64,,9,2,,,9,8,37,249,13
20200715,KY,20677,10968,1853,,465,71,38,836,,6446,2213,11771,6693,645,488,91,,8,0,,14,,44,23,551,71
20200715,LA,84131,,,,,,,,,84131,,,84131,3461,1468,1671,,23,4,5,,16,273,72,311,275
20200715,MA,112347,34409,10550,21915,2349,,,,5913,37211,21915,53221,37211,8368,6284,686,576,215,,,,545,62,576,7730,62
20200715,MD,75016,15394,21784,19822,1458,,,,3583,12975,19822,42219,12975,3341,1431,1354,376,130,,,,36,14,376,2951,14
20200715,ME,3578,2154,826,,87,6,2,20,110,373,141,2831,606,114,104,2,,,,,,0,8,0,97,17
20200715,MI,78913,31894,21844,,1647,308,,5277,4702,13241,6313,51293,21306,6330,3290,2500,,80,19,,104,121,216,126,5253,949
20200715,MN,43742,18907,8896,,2980,350,94,733,5177,6605,9097,27337,7308,1558,1215,149,,65,29,3,22,17,18,62,1430,26
20200715,MO,29714,13398,7541,,,,,855,1913,6007,4474,25209,32,1102,643,380,,,,,9,28,39,27,941,132
20200715,MP,36,,,,,,,,,36,,,,2,,,,,,,,,2,,,
20200715,MS,38567,10810,17937,1693,124,1128,,,2531,4344,1693,25806,11068,1290,534,641,22,0,74,,,11,8,22,1175,93
20200715,MT,2096,1201,12,,5,204,,,26,648,109,1312,675,34,17,,,,10,,,,7,,,
20200715,NC,91266,34499,14760,,1168,698,193,,10358,29590,26155,33312,31799,1568,873,496,,22,23,3,,96,55,151,1309,108
20200715,ND,4565,,,,,,,,,4565,,,,81,,,,,,,,,81,,,
20200715,NE,21979,12500,1300,,1200,245,33,,1600,5101,9100,7400,5479,291,220,22,,16,7,0,,10,16,67,187,37
20200715,NH,6113,3822,314,611,162,,,,259,945,611,4557,945,394,326,8,11,3,,,,10,36,11,347,36
20200715,NJ,176278,37910,18019,32155,5353,,,,12159,70682,32155,73441,70682,15634,7249,2451,2700,738,,,,238,2258,2700,10676,2258
20200715,NM,15841,2030,291,5585,109,6789,,,,1037,5585,9219,1037,557,98,4,59,1,236,,,,159,59,339,159
20200715,NV,30468,4675,1299,6662,1187,97,,,1508,15040,6662,8766,15040,618,270,68,89,82,4,,,11,94,89,435,94
20200715,NY,404006,,,,,,,,,404006,,,,28024,8569,6324,6629,1694,,,,1804,3004,6629,18391,3004
20200715,OH,69311,32910,18416,,1986,83,133,2210,4920,8653,4864,48261,16186,3075,2349,592,,33,1,1,37,20,42,66,2941,68
20200715,OK,22813,12722,1700,,1473,1595,,,905,4418,4768,13437,4608,432,325,30,,8,35,,,11,23,17,374,41
20200715,OR,13081,5447,543,,438,283,350,321,4209,1490,4923,6544,1614,247,184,6,,9,3,6,2,19,18,30,195,22
20200715,PA,97665,30800,13200,,1400,,,,879,51386,7800,21500,68300,6957,4693,1426,,150,,,,310,378,387,6192,378
20200715,PR,10379,,,,,,,,,10379,,,,171,,,,,,,,,171,,,
20200715,RI,17640,4878,1629,6072,,,,,487,4574,6072,6994,4574,987,656,51,85,,,,,13,182,85,720,182
20200715,SC,62245,20446,14994,,454,,,,4089,22260,5512,27063,29668,998,457,410,,9,,,,28,101,36,772,188
20200715,SD,7652,2815,987,1130,716,1236,,,768,0,1130,6522,0,111,,,,,,,,,111,,,
20200715,TN,69061,29104,14151,,741,91,57,,10575,14342,14622,36013,18426,783,434,280,,13,0,1,,50,5,74,696,13
20200715,TX,282365,6522,2989,10534,651,,,,135,261534,10534,10297,261534,3432,315,94,211,14,,,,1,2797,211,424,2797
20200715,UT,30891,11652,775,12519,684,701,1206,,3860,3377,12519,14995,3377,233,118,5,54,11,21,13,,19,11,54,168,11
20200715,VA,73527,16073,11411,23832,2311,87,,256,1731,17826,23832,31869,17826,1992,1071,465,220,115,2,,0,24,95,220,1677,95
20200715,VI,249,,,,,,,,,249,,,,6,,,,,,,,,6,,,
20200715,VT,1318,1086,146,,53,2,,0,25,6,48,1269,1,56,53,,,2,,,,1,0,0,56,0
20200715,WA,43046,10956,1649,13279,1640,483,886,660,725,12768,13279,16999,12768,1421,921,48,184,115,30,14,16,31,62,184,1175,62
20200715,WI,42197,24961,6752,,1447,384,,,4261,4392,11163,25899,5135,834,582,197,,23,10,,,10,12,98,724,12
20200715,WV,4557,3606,324,,,,,,627,0,,,,98,58,3,,,,,,,37,,,
20200715,WY,1985,929,20,255,9,346,6,,78,453,255,1388,453,22,9,0,2,0,9,,,0,2,2,19,2
20200712,AK,1479,633,35,,63,177,39,43,30,459,87,848,544,17,11,0,,2,3,1,0,0,0,0,17,0
20200712,AL,53587,18094,17650,,216,,,,3063,14562,4846,30427,18318,1121,543,479,,4,,,,19,69,34,937,143
20200712,AR,28367,13542,6042,,395,74,1743,,4040,2531,6851,21516,0,321,171,78,,3,0,27,,20,22,28,271,22
20200712,AS,,,,,,,,,,,,,,,,,,,,,,,,,,
20200712,AZ,122467,19895,2709,28514,913,7783,,,2342,60311,28514,33642,60311,2237,907,64,540,24,344,,,42,316,540,1381,316
20200712,CA,320804,36481,9021,112854,12473,446,1243,1531,32060,114695,112854,93255,114695,7017,2140,613,3020,933,25,33,40,84,129,3020,3868,129
20200712,CO,36913,11400,1736,12604,783,183,118,345,264,9475,12604,14829,9475,1586,981,107,343,53,8,5,19,7,58,343,1180,58
20200712,CT,47287,16610,6189,8973,684,45,,139,264,14383,8973,23931,14383,4348,3184,646,376,47,2,,27,16,50,376,3922,50
20200712,DC,10847,2218,5354,,169,27,29,,2781,269,3037,6464,1346,568,60,421,74,8,,,,5,0,74,494,0
20200712,DE,12804,4135,3266,3447,182,,,,614,1160,3447,8197,1160,517,324,132,32,1,,,,6,22,32,463,22
20200712,FL,269811,56326,38335,69473,,,,,9396,96281,69473,87656,112682,4346,1993,864,1102,,,,,142,245,1102,2825,419
20200712,GA,116926,27669,30945,17179,1542,67,108,,3243,36173,17179,54002,45745,3001,1365,1391,162,48,4,6,,12,13,162,2814,25
20200712,GU,312,34,,,124,,122,,19,13,,,,5,,,,,,,,,5,,,5
20200712,HI,1220,205,10,,340,,346,,26,293,,,,19,,,,,,,,,19,,,
20200712,IA,35712,22632,3182,,2121,353,353,,353,6718,7779,21571,6011,750,599,36,,24,5,12,,3,71,51,612,86
20200712,ID,10902,5355,150,,95,95,36,398,1195,3574,2091,3996,4814,102,96,1,,2,1,,,1,0,8,93,1
20200712,IL,155048,33468,25828,48999,4317,226,385,,5719,36106,48999,69943,36106,7388,3199,1990,1482,343,10,8,,52,304,1482,5602,103
20200712,IN,51612,23494,6099,,738,,,,8989,12292,5805,17255,28552,2760,1662,370,,13,,,,337,378,51,1357,1159
20200712,KS,18611,11964,1474,,817,122,,,846,3388,6892,7913,3806,284,198,61,,9,2,,,8,6,36,238,10
20200712,KY,19389,9876,1801,,461,67,35,786,,6363,2101,11109,6179,625,475,88,,8,,,12,,42,22,535,68
20200712,LA,78122,,,,,,,,,78122,,,78122,3416,1468,1671,,23,4,5,,16,228,65,2966,385
20200712,MA,111597,34076,10493,21803,2334,,,,5839,37052,21803,52742,37052,8325,6240,684,575,215,,,,542,69,575,7681,69
20200712,MD,73109,14797,21160,19452,1426,,,,3498,12776,19452,40881,12776,3319,1424,1344,369,129,,,,35,18,369,2932,18
20200712,ME,3539,2127,816,,84,6,2,22,104,378,138,2794,607,114,95,2,,,,,,0,17,0,89,25
20200712,MI,76776,30909,21485,,1630,296,,5168,4565,12723,6142,49904,20729,6314,3274,2496,,80,19,,102,121,222,126,5240,947
20200712,MN,42281,17997,8665,,2933,345,94,690,5075,6482,8939,26162,7180,1540,1210,147,,62,27,3,22,15,16,60,1418,24
20200712,MO,27433,12322,6995,,,,,779,1763,5568,4180,23213,38,1069,625,369,,,,,8,28,36,27,915,126
20200712,MP,33,,,,,,,,,33,,,,2,,,,,,,,,2,,,
20200712,MS,35419,9752,16759,1636,111,1105,,,1906,4150,1636,24095,9688,1230,505,615,21,0,73,,,10,6,21,1124,85
20200712,MT,1758,1057,7,,2,187,,,23,482,99,1148,511,29,14,,,,8,,,,7,,,
20200712,NC,85701,32417,13921,,1131,652,186,,9860,27534,24999,31244,29458,1503,836,473,,22,21,3,,92,56,140,1259,104
20200712,ND,4334,,,,,,,,,4334,,,,87,,,,,,,,,87,,,
20200712,NE,21172,12100,1300,,1200,243,32,,1600,4697,9000,7000,5172,285,219,22,,17,7,0,,8,12,67,183,35
20200712,NH,6054,3740,309,587,153,,,,260,1005,587,4462,1005,391,304,7,11,3,,,,10,56,11,324,56
20200712,NJ,175298,37558,17880,31946,5238,,,,12107,70569,31946,72783,70569,15541,7223,2441,2687,736,,,,236,2218,2687,10636,2218
20200712,NM,15028,1911,284,5202,105,6661,,,,865,5202,8961,865,545,98,4,59,1,236,,,,147,59,339,147
20200712,NV,27683,4480,1261,6129,1164,87,,,1500,13062,6129,8492,13062,593,257,65,86,78,4,,,11,92,86,415,92
20200712,NY,401706,,,,,,,,,401706,,,,27011,8536,6312,6658,1687,,,,1802,2016,6658,18337,2016
20200712,OH,65592,31118,17437,,1904,78,125,2154,4657,8119,4702,45474,15416,3058,2341,585,,33,1,1,36,19,42,65,2928,65
20200712,OK,20235,11379,1530,,1408,1429,,,797,3692,4189,12343,3703,422,317,30,,8,34,,,11,22,17,365,40
20200712,OR,11454,4760,485,,394,262,327,296,3580,1350,4208,5791,1455,232,171,6,,9,3,6,2,18,17,28,182,22
20200712,PA,92148,28200,11900,,1300,,,,743,50005,7400,19700,65100,6880,4925,1469,,151,,,,335,0,412,6468,0
20200712,PR,9654,,,,,,,,,9654,,,,167,,,,,,,,,167,,,
20200712,RI,17312,4616,1592,5899,,,,378,465,4362,5899,7051,4362,976,641,48,81,,,,0,12,194,81,701,194
20200712,SC,56648,18552,12905,,403,,,,3629,20753,5305,24316,27026,961,422,386,,8,,,,26,116,34,727,198
20200712,SD,7499,2716,985,1126,715,1206,,,751,0,1126,6373,0,109,,,,,,,,,109,,,
20200712,TN,61960,25886,12551,,710,78,56,,9635,13044,13846,31367,16747,741,413,263,,12,0,1,,49,3,72,660,9
20200712,TX,258658,6335,2914,10090,641,,,,133,238545,10090,10023,238545,3192,310,91,210,14,,,,1,2566,210,416,2566
20200712,UT,29484,10959,747,12072,650,686,1141,,3670,3267,12072,14145,3267,215,112,5,53,10,15,12,,18,9,53,153,9
20200712,VA,70670,15385,10773,23343,2275,84,,249,1694,16867,23343,30460,16867,1966,1058,455,216,114,2,,0,24,97,216,1653,97
20200712,VI,181,,,,,,,,,181,,,,6,,,,,,,,,6,,,
20200712,VT,1296,1068,143,,53,2,,0,24,6,44,1248,4,56,53,,,2,,,,1,0,0,56,0
20200712,WA,39218,10048,1520,12295,1545,457,838,587,689,11239,12295,15684,11239,1424,933,46,174,115,16,13,28,30,69,174,1181,69
20200712,WI,39877,23372,6462,,1382,361,,,4099,4201,10779,24234,4864,827,577,194,,23,10,,,11,12,98,717,12
20200712,WV,4244,3343,298,,,,,,602,1,,,,96,58,3,,,,,,,35,,,
20200712,WY,1862,864,19,236,9,337,4,,70,428,236,1303,428,21,9,0,2,0,9,,,0,1,2,18,1
20200708,AK,1226,584,30,,61,141,29,40,24,317,70,781,375,17,11,0,,2,3,1,0,0,0,0,17,0
20200708,AL,46962,15937,16006,,194,,,,2650,12171,4373,27325,15263,1058,513,459,,4,,,,18,64,33,891,134
20200708,AR,25246,11955,5471,,351,68,1653,,3426,2322,6238,19008,0,305,165,74,,3,0,27,,19,17,27,261,17
20200708,AS,,,,,,,,,,,,,,,,,,,,,,,0,,,
20200708,AZ,108614,17638,2422,25635,804,7419,,,2006,52690,25635,30289,52690,1963,813,56,448,20,320,,,38,268,448,1247,268
20200708,CA,289468,32447,8125,101464,11635,381,1123,1332,29384,103577,101464,84427,103577,6562,2026,582,2715,892,23,28,33,76,187,2715,3660,187
20200708,CO,35116,10955,1684,12074,764,176,115,337,257,8749,12074,14288,8749,1544,962,100,335,51,8,5,18,7,54,335,1151,54
20200708,CT,47108,16564,6161,8933,681,46,,130,265,14328,8933,23847,14328,4343,3182,644,375,47,2,,27,16,50,375,3918,50
20200708,DC,10642,2168,5241,,168,26,29,,2721,274,2999,6320,1323,564,60,417,74,8,,,,0,5,74,485,5
20200708,DE,12128,3944,3197,3385,177,,,,608,1151,3385,7926,1151,515,324,131,32,1,,,,6,21,32,462,21
20200708,FL,223783,47725,31944,60129,,,,,7772,76213,60129,74612,89042,3991,1849,792,999,,,,,127,224,999,2615,377
20200708,GA,103890,25193,28090,15743,1437,57,96,,2980,30294,15743,49075,39072,2922,1322,1365,152,47,3,6,,10,17,152,2733,37
20200708,GU,301,34,,,122,,121,,18,14,,,,5,,,,,,,,,5,,,5
20200708,HI,1094,186,9,,304,,301,,19,275,,,,19,,,,,,,,,19,,,
20200708,IA,32945,21204,2935,,1957,326,326,,326,5871,7503,19899,4893,735,586,36,,23,4,11,,3,69,51,599,84
20200708,ID,8969,4393,133,,86,89,30,326,968,2941,1773,3343,3852,98,93,1,,2,1,,,1,0,8,90,0
20200708,IL,150554,31974,25072,48116,4249,225,384,,5544,34990,48116,67448,34990,7309,3163,1967,1460,337,10,8,,51,313,1460,5536,103
20200708,IN,49063,22443,5905,,729,,,,8781,11205,5566,16375,27122,2732,1644,368,,13,,,,332,375,49,1345,1145
20200708,KS,17618,11220,1415,,797,114,,,791,3281,6679,7339,3600,282,198,61,,9,2,,,8,4,36,237,9
20200708,KY,17919,9417,1707,,457,64,34,717,,5523,2028,10233,5658,608,463,87,,7,,,11,,40,23,520,65
20200708,LA,70151,,,,,,,,,70151,,,70151,3339,1468,1671,,23,4,5,,16,151,65,2966,308
20200708,MA,110602,33658,10414,21540,2314,,,,5726,36950,21540,52112,36950,8243,6174,675,572,215,,,,536,71,572,7600,71
20200708,MD,70861,14062,20288,18747,1353,,,,3446,12965,18747,39149,12965,3275,1409,1317,364,128,,,,34,23,364,2888,23
20200708,ME,3460,2046,806,,81,6,2,21,99,399,132,2698,630,110,95,2,,,,,,0,13,0,89,21
20200708,MI,74551,29642,21130,,1599,292,,5034,4410,12444,5964,48458,20128,6262,3249,2474,,79,19,,101,122,218,125,5134,939
20200708,MN,39589,16424,8083,,2847,336,88,839,4883,6089,8649,24240,6700,1523,1134,131,,53,23,3,10,23,108,51,1240,194
20200708,MO,25204,11246,6641,,,,,683,1678,4954,3853,21322,27,1046,610,365,,,,,8,28,32,24,899,121
20200708,MP,31,,,,,,,,,31,,,,2,,,,,,,,,2,,,
20200708,MS,32888,8819,15669,1584,102,1084,,,1863,3767,1584,22589,8715,1188,488,595,20,0,71,,,10,4,20,1088,80
20200708,MT,1371,955,6,,2,151,,,19,238,84,1031,256,23,14,,,,8,,,,1,,,
20200708,NC,77310,29473,12526,,1059,593,180,,8925,24554,23186,28148,25976,1441,805,457,,21,20,4,,83,51,131,1214,96
20200708,ND,3971,,,,,,,,,3971,,,,78,,,,,,,,,78,,,
20200708,NE,20425,11600,1200,,1200,238,32,,1600,4555,8800,6600,5025,282,219,21,,16,8,0,,8,10,66,181,35
20200708,NH,5952,3635,301,560,150,,,,264,1042,560,4350,1042,386,290,7,10,3,,,,10,66,10,310,66
20200708,NJ,174039,37034,17669,31590,5261,,,,12056,70429,31590,72020,70429,15423,7168,2412,2672,729,,,,230,2212,2672,10539,2212
20200708,NM,14017,1711,267,4554,92,6475,,,,918,4554,8545,918,527,98,4,59,1,236,,,,129,59,339,129
20200708,NV,24301,4204,1211,5546,1101,84,,,1303,10852,5546,7903,10852,553,247,64,84,77,3,,,11,67,84,402,67
20200708,NY,398929,,,,,,,,,398929,,,,27867,8506,6295,6591,1683,,,,1804,2988,6591,18288,2988
20200708,OH,60181,28536,16047,,1818,73,117,2051,4443,7096,4489,41729,13963,2991,2297,572,,31,1,1,35,18,36,63,2873,55
20200708,OK,17893,10045,1344,,1336,1255,,,700,3213,3740,10861,3292,407,307,29,,8,30,,,11,22,16,351,40
20200708,OR,10817,4484,460,,387,240,321,283,3401,1241,3973,5489,1355,224,165,6,,9,3,6,2,18,15,28,176,20
20200708,PA,92148,28200,11900,,1300,,,,743,50005,7400,19700,65100,6812,4693,1426,,150,,,,310,233,387,6192,233
20200708,PR,8745,,,,,,,,,8745,,,,159,,,,,,,,,159,,,
20200708,RI,17204,4616,1592,5899,,,,378,465,4254,5899,7051,4254,971,641,48,81,,,,0,12,189,81,701,189
20200708,SC,48909,16874,11738,,366,,,,3301,16261,4815,22070,22023,884,384,360,,8,,,,24,105,31,666,186
20200708,SD,7242,2569,981,1114,714,1122,,,742,0,1114,6128,0,98,,,,,,,,,98,,,
20200708,TN,55986,23336,11560,,677,78,48,,8978,11309,13088,28390,14508,685,386,241,,12,0,1,,40,5,61,616,8
20200708,TX,220564,6071,2791,9356,633,,,,130,201583,9356,9625,201583,2813,303,89,198,14,,,,1,2208,198,407,2208
20200708,UT,26755,9726,689,11181,600,637,1011,,3360,2996,11181,12578,2996,201,108,5,48,10,12,12,,16,8,48,145,8
20200708,VA,67375,14564,9964,22668,2216,81,,232,1643,16007,22668,28700,16007,1905,1032,427,204,108,2,,1,26,105,204,1596,105
20200708,VI,144,,,,,,,,,144,,,,6,,,,,,,,,6,,,
20200708,VT,1256,1045,128,,53,2,,0,23,5,42,1210,5,56,53,,,2,,,,1,0,0,56,0
20200708,WA,37941,9667,1478,11799,1519,450,815,568,669,10976,11799,15166,10976,1394,915,45,166,113,26,12,16,30,71,166,1157,71
20200708,WI,36410,21007,6003,,1303,333,,,3907,3857,10212,21786,4412,814,565,194,,23,10,,,10,12,95,705,14
20200708,WV,3707,2935,256,,,,,,516,0,,,,95,58,3,,,,,,,34,,,
20200708,WY,1404,794,18,212,8,324,5,,60,403,212,1209,403,21,9,0,1,0,9,,,0,1,1,19,1
20200705,AK,1138,541,25,,60,131,29,36,22,294,64,726,696,16,10,0,,2,3,1,0,0,0,0,16,0
20200705,AL,43953,14864,15320,,182,,,,2515,11070,4175,25917,13855,1007,488,442,,4,,,,17,56,31,850,126
20200705,AR,23814,11090,5169,,324,63,1569,,3347,2252,5816,17998,0,287,156,70,,3,,26,,19,13,22,252,13
20200705,AS,,,,,,,,,,,,,,,,,,,,,,,0,,,
20200705,AZ,98089,15017,2088,22563,705,6717,,,1870,49129,22563,26397,49129,1809,755,50,396,19,298,,,38,253,396,1160,253
20200705,CA,260155,29598,7432,95380,11013,343,1029,1223,25774,88363,95380,76412,88363,6331,1971,572,2588,880,23,25,34,70,168,2588,3575,168
20200705,CO,34065,10653,1655,11728,757,171,115,317,255,8410,11728,13923,8410,1521,954,99,321,50,8,5,18,6,56,321,1140,56
20200705,CT,46717,16433,6134,8857,680,45,,128,264,14176,8857,23684,14176,4335,3176,644,374,47,2,,27,16,49,374,3912,49
20200705,DC,10482,2156,5213,,167,26,29,,2687,204,2989,6275,1218,559,60,412,74,8,,,,0,5,74,480,5
20200705,DE,12128,3753,3124,3306,175,,,,607,1163,3306,7659,1163,512,322,131,31,1,,,,6,21,31,460,21
20200705,FL,200111,43123,29060,54692,,,,,6973,66263,54692,67601,77818,3832,1777,752,964,,,,,119,220,964,2513,355
20200705,GA,95516,23346,26208,14816,1344,55,84,,2580,27083,14816,45600,35100,2860,1291,1345,146,47,3,5,,10,13,146,2680,34
20200705,GU,301,34,,,118,,115,,17,17,,,,5,,,,,,,,,5,,,5
20200705,HI,1023,186,9,,304,,301,,19,204,,,,19,,,,,,,,,19,,,
20200705,IA,31779,20139,2832,,1888,314,314,,314,5978,7552,18880,5034,721,574,35,,22,4,11,,3,66,49,589,80
20200705,ID,7733,3777,113,,79,79,29,267,831,2553,1559,2857,3316,93,87,1,,2,1,,,1,0,6,86,1
20200705,IL,148373,31143,24691,47679,4209,224,379,,5493,34555,47679,66139,34555,7230,3123,1958,1448,329,10,7,,48,307,1448,5475,97
20200705,IN,48008,21638,5769,,718,,,,8531,11352,5475,16071,26462,2693,1619,362,,13,,,,326,373,48,1333,1119
20200705,KS,15919,10177,1341,,779,111,,,633,2878,6365,6528,3026,277,195,61,,9,2,,,6,4,33,235,9
20200705,KY,16376,8577,1607,,450,59,35,703,,4945,1927,9390,5059,585,443,85,,7,,,9,,41,22,500,63
20200705,LA,65226,,,,,,,,,65226,,,65226,3288,1414,1630,,22,4,5,,16,197,63,2847,378
20200705,MA,109974,33369,10357,21357,2292,,,,5681,36918,21357,51699,36918,8183,6133,669,570,214,,,,534,63,570,7550,63
20200705,MD,69632,13788,19953,18568,1335,,,,3403,12585,18568,38479,12585,3243,1392,1304,355,127,,,,35,30,355,2858,30
20200705,ME,3415,2009,803,,78,7,2,21,93,402,124,2652,639,109,94,2,,,,,,1,12,0,89,20
20200705,MI,72941,28788,20823,,1591,286,,4940,4299,12214,5835,47411,19694,6218,3217,2464,,78,19,,101,121,78,124,5160,932
20200705,MN,38136,15525,7861,,2787,324,88,807,4817,5927,8498,23188,6450,1471,1096,125,,50,23,3,10,21,143,49,1217,205
20200705,MO,23436,10368,6325,,,,,606,1588,4546,3550,19857,28,1028,596,362,,,,,9,27,31,25,888,114
20200705,MP,31,,,,,,,,,31,,,,2,,,,,,,,,2,,,
20200705,MS,30674,8099,14819,1528,96,1066,,,1680,3386,1528,21308,7838,1107,454,553,18,0,69,,,9,4,18,1017,72
20200705,MT,1212,775,6,,2,136,,,18,275,77,850,285,23,14,,,,8,,,,1,,,
20200705,NC,72983,27518,11722,,1021,541,177,,8454,23550,21996,26220,24767,1396,782,445,,20,16,4,,80,49,128,1181,87
20200705,ND,3816,,,,,,,,,3816,,,,80,,,,,,,,,80,,,
20200705,NE,19929,11200,1200,,1200,213,30,,1600,4486,8700,6400,4829,284,219,21,,16,8,0,,8,12,67,181,36
20200705,NH,5897,3604,299,542,148,,,,263,1041,542,4314,1041,381,288,7,10,3,,,,9,64,10,307,64
20200705,NJ,173402,36658,17537,31320,5225,,,,12080,70582,31320,71500,70582,15211,7089,2389,2653,728,,,,232,2120,2653,10438,2120
20200705,NM,13256,1560,257,4112,87,6329,,,,911,4112,8233,911,513,98,4,59,1,236,,,,115,59,339,115
20200705,NV,22418,4083,1212,5141,1055,81,,,1488,9358,5141,7919,9358,534,238,63,83,75,3,,,11,61,83,390,61
20200705,NY,397131,,,,,,,,,397131,,,,27817,8494,6277,6573,1684,,,,1805,2984,6573,18260,2984
20200705,OH,57151,27100,15174,,1739,65,110,2001,4234,6728,4311,39454,13386,2911,2246,554,,31,1,1,35,17,26,62,2803,46
20200705,OK,15928,9048,1175,,1258,1145,,,628,2674,3313,10051,2564,398,299,29,,8,30,,,10,22,14,345,39
20200705,OR,10230,3838,406,,341,213,281,253,2798,2100,3338,4700,2192,215,155,6,,9,3,5,2,16,19,25,167,23
20200705,PA,89854,27500,11600,,1300,,,,706,48748,7300,19100,63500,6753,4693,1426,,150,,,,310,174,387,6192,174
20200705,PR,7916,,,,,,,,,7916,,,,155,,,,,,,,,155,,,
20200705,RI,16991,4616,1592,5899,,,,378,465,4041,5899,7051,4041,960,641,48,81,,,,0,12,178,81,701,178
20200705,SC,44847,15091,10826,,328,,,,3280,15648,4266,19909,20316,820,353,345,,7,,,,23,90,29,626,163
20200705,SD,7063,2464,978,1106,710,1074,,,731,0,1106,5957,0,97,,,,,,,,,97,,,
20200705,TN,51431,21111,10459,,632,72,48,,8266,10843,12392,24993,14046,646,361,228,,11,0,1,,39,6,58,579,9
20200705,TX,195239,5902,2710,8840,629,,,,121,177037,8840,9362,177037,2637,298,87,195,14,,,,1,2042,195,400,2042
20200705,UT,24952,8901,654,10590,561,613,945,,3192,2766,10590,11596,2766,184,100,5,44,9,10,11,,13,7,44,133,7
20200705,VA,65748,14068,9530,22232,2163,79,,218,1633,15825,22232,27691,15825,1853,996,410,203,104,2,,1,25,112,203,1538,112
20200705,VI,112,,,,,,,,,112,,,,6,,,,,,,,,6,,,
20200705,VT,1249,1040,125,,53,2,,0,23,6,42,1203,4,56,53,,,2,,,,1,0,0,56,0
20200705,WA,35898,9313,1436,11495,1480,441,784,541,660,9748,11495,14655,9748,1359,901,45,163,112,23,12,16,29,58,163,1138,58
20200705,WI,31577,17867,5412,,1164,297,,,3631,3206,9355,18595,3627,796,554,188,,23,10,,,10,11,91,692,13
20200705,WV,3335,2633,228,,,,,,474,0,,,,95,58,3,,,,,,,34,,,
20200705,WY,1312,734,15,194,7,320,5,,52,66,194,1133,66,20,9,0,1,0,9,,,0,1,1,19,1
20200701,AK,978,508,24,,60,113,27,32,20,194,60,683,470,14,9,0,,2,2,1,0,0,0,0,14,0
20200701,AL,38962,13489,14308,,169,,,,2275,8719,3882,23872,11206,972,469,431,,4,,,,15,53,28,822,122
20200701,AR,21197,9874,4778,,258,57,1464,,2707,2059,5316,15881,0,277,150,69,,3,,24,,19,12,22,243,12
20200701,AS,,,,,,,,,,,,,,,,,,,,,,,0,,,
20200701,AZ,84092,13169,1851,19890,606,6385,,,1620,40571,19890,23631,40571,1720,735,49,373,17,293,,,39,214,373,1133,214
20200701,CA,232657,26127,6774,86009,10208,298,952,1069,23472,77748,86009,68900,77748,6090,1902,556,2456,855,22,23,27,64,185,2456,3449,185
20200701,CO,33029,11355,1776,12494,809,188,125,336,277,5661,12494,14866,5661,1697,1064,109,358,57,8,5,21,6,63,358,1270,63
20200701,CT,46572,16317,6108,8810,677,46,,128,265,14221,8810,23541,14221,4324,3168,641,374,46,2,,27,16,50,374,3900,50
20200701,DC,10365,2119,5164,,166,26,30,,2637,223,2968,6204,1193,553,60,407,73,8,,,,2,3,73,477,3
20200701,DE,11510,3460,3033,3232,170,,,,561,1054,3232,7224,1054,509,320,130,31,1,,,,6,21,31,457,21
20200701,FL,158997,35342,24009,47002,,,,,5848,46796,47002,56884,55111,3550,1703,727,906,,,,,111,103,906,2415,229
20200701,GA,84237,21260,23675,13645,1243,55,74,,1958,22327,13645,41321,29271,2827,1271,1331,142,47,3,5,,10,18,142,2647,38
20200701,GU,280,33,,,115,,103,,19,10,,,,5,,,,,,,,,5,,,5
20200701,HI,926,175,9,,278,,249,,16,199,,,,18,,,,,,,,,18,,,
20200701,IA,29503,18883,2655,,2065,295,295,,295,5015,7376,17703,4425,717,573,34,,23,5,11,,3,66,49,586,81
20200701,ID,6370,3182,100,,69,78,22,227,638,2053,1345,2480,2544,92,87,1,,2,1,,,1,0,6,86,0
20200701,IL,144013,30175,24191,46832,4163,219,373,,5383,32677,46832,64504,32677,6951,3090,1934,1435,327,9,7,,48,101,1435,5415,101
20200701,IN,45952,20773,5637,,709,,,,8307,10526,5259,15300,25393,2456,1593,355,,13,,,,320,175,46,1310,1100
20200701,KS,14990,9596,1283,,770,106,,,573,2662,6151,6112,2727,272,191,61,,9,2,,,5,4,33,230,9
20200701,KY,15842,8100,1566,,445,56,33,694,,4948,1880,9009,4953,572,432,85,,8,,,8,,39,22,489,61
20200701,LA,60178,,,,,,,,,60178,,,60178,3238,1414,1630,,22,4,5,,16,147,63,2847,328
20200701,MA,109143,32961,10259,21173,2292,,,,5566,36890,21173,51078,36890,8081,6020,662,557,210,,,,533,88,557,7425,88
20200701,MD,67918,13377,19463,18283,1314,,,,3344,12137,18283,37498,12137,3205,1375,1294,348,126,,,,33,29,348,2828,29
20200701,ME,3294,1947,779,,71,6,2,20,86,383,118,2564,612,105,94,2,,,,,,1,8,0,89,16
20200701,MI,71089,27891,20555,,1575,279,,4821,4117,11851,5687,46207,19194,6198,3204,2458,,78,19,,101,120,78,123,5144,929
20200701,MN,36716,14559,7629,,2717,314,84,768,4681,5964,8221,22009,6486,1445,1064,123,,47,23,3,8,21,156,47,1179,219
20200701,MO,21927,9604,6043,,,,,559,1523,4196,2409,13816,5700,1017,587,360,,,,,9,27,32,25,877,114
20200701,MP,30,,,,,,,,,30,,,,2,,,,,,,,,2,,,
20200701,MS,27900,7363,13780,1444,90,1025,,,1468,2730,1444,19902,6554,1082,442,544,18,0,67,,,7,4,18,994,70
20200701,MT,1016,740,5,,2,130,,,17,122,75,807,134,22,14,,,,8,,,,0,,,
20200701,NC,66513,25212,10818,,970,482,169,,7709,21153,20485,24077,21951,1373,775,436,,19,17,4,,74,48,122,1168,83
20200701,ND,3615,,,,,,,,,3615,,,,80,,,,,,,,,80,,,
20200701,NE,19310,10700,1100,,1100,205,27,,1600,4578,8500,6000,4810,276,212,21,,15,8,0,,8,12,63,177,36
20200701,NH,5802,3554,297,513,146,,,,264,1028,513,4261,1028,373,280,7,10,3,,,,9,64,10,299,64
20200701,NJ,171928,36216,17351,31016,5179,,,,11971,70195,31016,70717,70195,15078,7011,2363,2638,723,,,,229,2114,2638,10326,2114
20200701,NM,12276,1416,235,3590,73,6146,,,,816,3590,7870,816,500,98,4,59,1,236,,,,102,59,339,102
20200701,NV,19101,3647,1104,4928,988,76,,,1061,7297,4928,5815,7297,511,233,59,81,71,3,,,11,53,81,366,53
20200701,NY,394079,,,,,,,,,394079,,,,27714,8455,6246,6553,1676,,,,1802,2982,6553,18179,2982
20200701,OH,52865,25602,14073,,1661,61,109,1852,3957,5550,4117,37028,11720,2876,2228,542,,31,1,1,35,17,21,62,2775,39
20200701,OK,14112,8108,1046,,1174,1002,,,571,2211,2907,8891,2314,389,295,28,,8,27,,,10,21,14,336,39
20200701,OR,8931,3704,393,,334,202,276,248,2711,1063,3227,4566,1138,208,154,6,,9,3,5,2,16,13,25,166,17
20200701,PA,87242,26300,11200,,1300,,,,630,47812,7000,18300,61900,6649,4693,1426,,150,,,,310,70,387,6192,70
20200701,PR,7537,,,,,,,,,7537,,,,153,,,,,,,,,153,,,
20200701,RI,16853,4534,1573,5829,,,,364,453,4100,5829,6924,4100,956,629,47,81,,,,0,12,187,81,688,187
20200701,SC,37919,13160,9651,,292,,,,2924,11597,4103,17990,15825,766,331,324,,7,,,,14,81,28,595,143
20200701,SD,6826,2342,971,1092,703,1012,,,706,0,1092,5734,0,93,,,,,,,,,93,,,
20200701,TN,45315,19194,9676,,598,72,42,,7574,8159,11729,22938,10648,609,344,215,,11,0,1,,36,2,53,552,4
20200701,TX,168062,5720,2592,8138,614,,,,119,150879,8138,9045,150879,2481,269,85,171,13,,,,5,1938,171,372,1938
20200701,UT,22716,7904,613,9746,516,585,866,,2788,2696,9746,10274,2696,173,93,5,42,8,10,10,,13,7,42,124,7
20200701,VA,63203,13415,9037,21574,2103,74,,186,1626,15188,21574,26441,15188,1786,971,387,196,103,2,,0,22,105,196,1485,105
20200701,VI,90,,,,,,,,,90,,,,6,,,,,,,,,6,,,
20200701,VT,1210,987,113,,53,2,,0,22,33,41,1165,4,56,53,,,2,,,,1,0,0,56,0
20200701,WA,33435,8493,1366,10717,1416,431,747,479,550,9236,10717,13482,9236,1339,896,43,162,111,21,12,16,28,50,162,1127,50
20200701,WI,29199,16281,5085,,1109,284,,,3414,3026,8921,16976,3302,786,545,185,,24,10,,,11,11,90,683,13
20200701,WV,2979,2402,215,,,,,,362,0,,,,93,58,3,,,,,,,32,,,
20200701,WY,1203,660,14,182,7,313,4,,46,66,182,1044,66,20,8,0,1,0,9,,,0,2,1,19,2
20200628,AK,883,489,23,,60,101,25,32,17,136,57,654,172,14,9,0,,2,2,1,0,0,0,0,14,0
20200628,AL,35441,12412,13429,,150,,,,2073,7375,3646,22198,9599,919,440,413,,4,,,,14,48,25,782,112
20200628,AR,19818,9148,4476,,224,50,1378,,2698,1844,4817,15001,0,264,139,67,,2,,24,,19,,21,230,13
20200628,AS,,,,,,,,,,,,,,,,,,,,,,,0,,,
20200628,AZ,73908,11819,1681,18115,547,6132,,,1409,34205,18115,21588,34205,1588,691,46,339,17,283,,,33,179,339,1070,179
20200628,CA,211243,24242,6309,80875,9724,266,900,1019,19484,68424,80875,61944,68424,5905,1868,533,2348,831,18,22,34,57,194,2348,3363,194
20200628,CO,32307,11090,1747,12212,794,174,125,326,271,5556,12212,14527,5556,1676,1049,108,355,56,8,6,20,7,63,355,1254,63
20200628,CT,46303,16121,6053,8701,670,,,,254,14333,8701,16121,14333,4316,3151,642,373,45,,,,15,62,373,3151,62
20200628,DC,10248,2103,5117,,163,26,29,,2593,217,2953,6140,1155,550,60,404,73,8,,,,5,0,73,477,0
20200628,DE,11226,3353,2970,3177,167,,,,548,1011,3177,7038,1011,507,318,130,31,1,,,,6,21,31,455,21
20200628,FL,141075,31471,21819,42643,,,,,5240,39902,42643,51226,47206,3419,1653,707,854,,,,,106,99,854,2343,222
20200628,GA,77210,19644,21945,12565,1163,54,76,,1674,20089,12565,38050,26595,2778,1254,1312,135,44,3,5,,10,15,135,2613,30
20200628,GU,247,30,,,98,,97,,12,10,,,,5,,,,,,,,,5,,,5
20200628,HI,899,175,9,,278,,249,,16,172,,,,18,,,,,,,,,18,,,
20200628,IA,28486,17948,2564,,1994,284,284,,284,5128,7122,16809,4273,706,564,34,,23,5,12,,2,65,49,576,79
20200628,ID,5319,2675,79,,60,72,20,187,551,1672,1186,2128,2004,91,85,1,,2,1,,,1,0,6,84,1
20200628,IL,141723,29505,23774,46213,4119,214,366,,5361,32171,46213,63339,32171,6888,3061,1923,1417,325,9,6,,49,98,1417,5373,98
20200628,IN,44930,20045,5513,,692,,,,8065,10615,5181,14971,24778,2427,1565,355,,13,,,,313,181,46,1297,1084
20200628,KS,13538,8686,1223,,751,99,,,470,2309,5784,5510,2244,264,185,61,,9,2,,,3,4,32,223,9
20200628,KY,15232,7843,1521,,440,51,32,669,,4676,1808,8680,4744,558,421,83,,7,,,8,,39,20,479,59
20200628,LA,56236,,,,,,,,,56236,,,56236,3199,1412,1655,,23,3,2,,17,104,64,2752,383
20200628,MA,108667,32600,10214,20972,2282,,,,5542,37164,20972,50638,37164,8060,5980,668,564,217,,,,540,96,564,7405,96
20200628,MD,66777,13091,19122,18058,1300,,,,3307,11899,18058,36820,11899,3168,1351,1283,344,125,,,,36,29,344,2795,29
20200628,ME,3191,1881,761,,63,6,1,15,81,383,108,2478,605,104,92,2,,,,,,1,9,,87,17
20200628,MI,69946,27320,20331,,1557,270,,4763,3987,11718,5595,45464,18885,6157,3181,2446,,79,19,,98,119,215,123,5110,923
20200628,MN,35549,13856,7457,,2660,307,84,733,4580,5872,8006,21102,6441,1425,1048,115,,47,22,3,7,20,163,45,1160,220
20200628,MO,20575,8946,5769,,,,,510,1571,3779,2209,13122,5242,997,580,351,,,,,8,28,28,25,864,106
20200628,MP,30,,,,,,,,,30,,,,2,,,,,,,,,2,,,
20200628,MS,25892,6922,12973,1375,83,1012,,,1231,2296,1375,18839,5678,1039,428,523,16,0,61,,,7,4,16,956,67
20200628,MT,863,638,4,,2,112,,,14,93,62,698,103,22,13,,,,5,,,,4,,,
20200628,NC,62142,23307,10186,,928,442,161,,7172,19946,18971,22346,20825,1322,742,426,,19,15,4,,69,47,113,1129,80
20200628,ND,3495,,,,,,,,,3495,,,,79,,,,,,,,,79,,,
20200628,NE,18899,7066,883,,883,126,12,,1299,8630,6057,3785,9057,267,114,10,,9,1,0,,3,130,30,91,146
20200628,NH,5747,3512,296,499,146,,,,258,1036,499,4212,1036,367,275,7,10,3,,,,9,63,10,294,63
20200628,NJ,171182,35908,17223,30741,5140,,,,11901,70269,30741,70172,70269,13121,6952,2356,2613,716,,,,224,260,2613,10248,260
20200628,NM,11809,1373,227,3399,69,6000,,,,741,3399,7669,741,492,98,4,59,1,236,,,,94,59,339,94
20200628,NV,17160,3160,975,4387,885,72,,,764,6917,4387,5092,6917,500,228,58,78,70,3,,,12,51,78,359,51
20200628,NY,392539,,,,,,,,,392539,,,,26997,8244,6034,6378,1618,,,,1752,2971,6378,17648,2971
20200628,OH,50309,24486,13108,,1586,58,109,1824,3798,5340,3991,35187,11131,2807,2179,523,,30,1,1,35,16,22,59,2714,34
20200628,OK,12944,7465,958,,1086,910,,,511,2014,2563,8219,2162,385,291,28,,7,27,,,10,22,13,334,38
20200628,OR,8341,3120,332,,303,153,230,218,2270,1715,2680,3933,1728,202,143,6,,9,3,4,2,16,19,23,157,22
20200628,PA,84370,25100,10800,,1300,,,,596,46574,6900,17300,60200,6579,4566,1368,,146,,,,319,180,372,6027,180
20200628,PR,7189,,,,,,,,,7189,,,,153,,,,,,,,,153,,,
20200628,RI,16661,4430,1535,5710,,,,345,448,4193,5710,6758,4193,927,608,46,78,,,,0,12,183,78,666,183
20200628,SC,33320,11537,8716,,256,,,,2563,10245,3771,16163,13385,716,311,311,,6,,,,13,72,26,557,132
20200628,SD,6681,2273,968,1077,700,962,,,701,0,1077,5604,0,91,,,,,,,,,91,,,
20200628,TN,40172,17261,8549,,556,61,40,,6743,6962,10928,20187,9057,584,335,201,,11,0,1,,34,2,51,527,6
20200628,TX,148723,5606,2535,7750,602,,,,117,132113,7750,8860,132113,2393,269,85,171,13,,,,5,1850,171,372,1850
20200628,UT,21100,7275,584,9115,469,567,820,,2570,2479,9115,9506,2479,167,93,5,38,8,9,10,,12,7,38,122,7
20200628,VA,61736,12993,8748,21163,2059,72,,181,1648,14872,21163,25701,14872,1732,942,376,189,100,2,,0,22,101,189,1442,101
20200628,VI,81,,,,,,,,,81,,,,6,,,,,,,,,6,,,
20200628,VT,1202,981,113,,53,2,,0,22,31,41,1156,5,56,53,,,2,,,,1,0,0,56,0
20200628,WA,31752,8116,1311,10297,1354,421,707,447,535,8564,10297,12891,8564,1310,875,40,154,110,18,12,16,26,59,154,1097,59
20200628,WI,27743,15303,4866,,1059,266,,,3332,2917,8679,15881,3183,777,538,183,,23,10,,,11,12,90,672,15
20200628,WV,2832,2261,208,,,,,,363,0,,,,93,58,3,,,,,,,32,,,
20200628,WY,1121,594,12,152,6,309,4,,40,65,152,965,65,20,8,0,1,0,9,,,0,2,1,19,2
20200624,AK,792,461,22,,58,89,20,28,17,97,54,614,124,12,7,0,,2,2,1,0,0,0,0,12,0
20200624,AL,32064,11210,12599,,132,,,,1840,6280,3317,20429,8317,891,430,404,,5,,,,14,38,25,764,102
20200624,AR,17375,7964,4121,,168,44,1116,,2354,1608,4043,13332,1608,240,130,66,,1,,17,,15,,19,210,11
20200624,AS,,,,,,,,,,,,,,,,,,,,,,,0,,,
20200624,AZ,59974,9829,1478,15404,449,5641,,,1218,25955,15404,18615,25955,1463,654,45,305,17,268,,,29,145,305,1013,145
20200624,CA,190222,22500,5845,73357,9259,244,850,925,17930,59312,73357,57553,59312,5632,1783,511,2225,785,18,22,37,50,201,2225,3206,201
20200624,CO,31155,10788,1719,11923,788,168,124,314,255,5065,11923,14156,5065,1667,1043,108,353,57,8,6,21,7,64,353,1250,64
20200624,CT,45913,15952,6003,8593,668,,,,252,14284,8593,15952,14284,4287,3130,639,368,45,,,,15,62,368,3130,62
20200624,DC,10128,2073,5059,,164,26,29,,2524,253,2923,6074,1131,541,58,401,69,8,,,,,5,69,467,5
20200624,DE,10889,3203,2896,3120,166,,,,533,971,3120,6798,971,505,318,128,31,1,,,,6,21,31,453,21
20200624,FL,109014,25547,18355,36623,,,,,3912,24577,36623,43464,28927,3281,1585,682,817,,,,,102,95,817,2257,207
20200624,GA,69381,17997,20573,11458,1087,53,60,,1417,16736,11458,35056,22867,2698,1212,1282,130,44,3,5,,9,13,130,2538,30
20200624,GU,231,30,,,91,,90,,13,7,,,,5,,,,,,,,,5,,,5
20200624,HI,835,194,8,,265,,206,,34,128,,,,17,,,,,,,,,17,,,
20200624,IA,26742,16849,2674,,1872,267,267,,267,4546,6953,15779,4011,693,551,34,,22,5,12,,0,64,46,568,76
20200624,ID,4645,2388,71,,56,66,17,176,509,1359,1079,1939,1626,90,84,1,,2,1,,,1,0,6,83,1
20200624,IL,138540,28469,23223,45294,4055,210,356,,5263,31670,45294,61576,31670,6770,3004,1892,1383,322,9,6,,50,50,1383,5283,104
20200624,IN,43140,19422,5399,,678,,,,7887,9754,5022,14394,23724,2386,1541,353,,12,,,,307,173,46,1281,1059
20200624,KS,12970,8284,1195,,742,89,,,435,2225,5575,5244,2151,261,182,60,,9,2,,,3,5,32,219,10
20200624,KY,14363,7262,1452,,435,42,31,629,,4512,1672,8146,4545,538,405,81,,7,,,8,,37,19,462,57
20200624,LA,52477,,,,,,,,,52477,,,52477,3152,1412,1655,,23,3,2,,17,57,64,2752,336
20200624,MA,107611,32175,10115,20768,2259,,,,5488,36910,20768,50037,36910,7938,5882,650,547,206,,,,531,111,547,7269,111
20200624,MD,65519,12979,18831,17738,1278,,,,3268,11425,17738,36356,11425,3108,1334,1261,332,121,,,,32,28,332,2748,28
20200624,ME,3017,1798,737,,48,6,1,12,68,347,94,2369,554,103,89,1,,,,,,1,12,,83,20
20200624,MI,68555,26490,20083,,1538,265,,4699,3848,11632,5484,44560,18509,6114,3160,2429,,79,19,,97,117,213,122,5074,917
20200624,MN,33763,12881,7195,,2523,298,83,701,4409,5673,7685,19891,6187,1397,1018,104,,45,21,2,7,20,180,44,1115,238
20200624,MO,18868,8267,5447,,,,,469,1362,3320,1969,12192,4705,975,568,342,,,,,8,27,28,24,845,105
20200624,MP,30,,,,,,,,,30,,,,2,,,,,,,,,2,,,
20200624,MS,23424,6231,11902,1271,74,993,,,1008,1945,1271,17389,4764,1011,413,512,16,0,59,,,6,5,16,934,61
20200624,MT,766,589,3,,1,106,,,12,55,57,643,113,21,13,,,,5,,,,3,,,
20200624,NC,56174,20914,9403,,883,389,151,,6468,17966,17079,20339,18756,1271,711,411,,19,13,4,,65,48,101,1094,76
20200624,ND,3362,,,,,,,,,3362,,,,78,,,,,,,,,78,,,
20200624,NE,18221,7066,883,,883,126,12,,1299,7952,6057,3785,8379,257,114,10,,9,1,0,,3,120,30,91,136
20200624,NH,5598,3426,288,484,143,,,,261,996,484,4118,996,347,259,6,10,3,,,,9,60,10,277,60
20200624,NJ,169892,35380,17034,30318,5065,,,,11737,70358,30318,69216,70358,12995,6885,2331,2593,710,,,,215,261,2593,10141,261
20200624,NM,10990,1263,213,3098,65,5767,,,,584,3098,7308,584,480,98,4,59,1,236,,,,82,59,339,82
20200624,NV,14362,2628,825,3974,794,65,,,344,5732,3974,4312,5732,494,227,58,77,69,3,,,12,48,77,357,48
20200624,NY,389666,,,,,,,,,389666,,,,26848,8186,5983,6333,1605,,,,1782,2959,6333,17556,2959
20200624,OH,46759,23208,11985,,1503,51,102,1800,3599,4511,3810,32987,9962,2755,2150,510,,29,,,33,16,15,58,2673,24
20200624,OK,11510,6721,864,,905,802,,,466,1752,2267,7287,1956,372,283,28,,6,26,,,9,20,11,327,34
20200624,OR,7444,3073,324,,301,145,218,216,2216,951,2617,3864,963,195,141,6,,9,3,4,2,16,14,23,155,17
20200624,PA,83191,24600,10600,,1200,,,,587,46204,5700,17000,59500,6518,4566,1368,,146,,,,319,119,372,6027,119
20200624,PR,6820,,,,,,,,,6820,,,,149,,,,,,,,,149,,,
20200624,RI,16606,4430,1535,5710,,,,345,448,4138,5710,6758,4138,912,608,46,78,,,,0,12,168,78,666,168
20200624,SC,27842,10191,7926,,226,,,,2264,7232,3132,13873,10836,683,303,303,,6,,,,13,56,19,548,115
20200624,SD,6419,2150,961,1055,696,877,,,680,0,1055,5364,0,84,,,,,,,,,84,,,
20200624,TN,37235,15994,8117,,528,,,,6368,6228,10177,18929,8129,556,313,186,,11,,,,32,14,48,503,5
20200624,TX,125921,5431,2431,7186,598,,,,117,110158,7186,8577,110158,2249,269,85,171,13,,,,5,1706,171,372,1706
20200624,UT,18784,6448,537,8087,422,530,732,,2220,2237,8087,8460,2237,163,90,5,38,8,8,10,,12,7,38,118,7
20200624,VA,59514,12412,8427,20413,1992,70,,169,1611,14420,20413,24681,14420,1661,903,361,177,98,2,,0,21,99,177,1385,99
20200624,VI,78,,,,,,,,,78,,,,6,,,,,,,,,6,,,
20200624,VT,1184,966,106,,53,2,,0,23,34,41,1139,4,56,53,,,2,,,,1,0,0,56,0
20200624,WA,29869,7630,1243,9585,1295,400,644,396,519,8157,9585,12127,8157,1293,862,40,149,108,17,12,16,26,63,149,1081,63
20200624,WI,25763,13968,4626,,1002,249,,,3166,2752,8275,14527,2961,757,524,180,,22,10,,,9,12,84,659,14
20200624,WV,2629,2111,185,,,,,,333,0,,,,92,58,3,,,,,,,31,,,
20200624,WY,1016,529,11,135,7,295,4,,37,60,135,883,60,20,9,0,1,0,9,,,0,1,1,18,1
20200621,AK,755,430,19,,58,83,18,26,16,105,52,578,125,12,7,0,,2,2,1,0,0,0,0,12,0
20200621,AL,27312,9481,11080,,118,,,,1447,5183,2712,17722,6876,790,380,359,,5,,,,12,34,18,680,92
20200621,AR,15561,7226,3823,,155,43,978,,1884,1452,3634,11927,1452,225,124,65,,1,,13,,14,,18,199,8
20200621,AS,,,,,,,,,,,,,,,,,,,,,,,0,,,
20200621,AZ,52390,8948,1378,13882,403,5358,,,1066,21355,13882,17153,21355,1339,622,43,273,16,241,,,23,121,273,945,121
20200621,CA,173824,21177,5485,69392,8941,227,796,886,15321,51599,69392,52833,51599,5495,1779,501,2170,774,15,22,37,47,150,2170,3175,150
20200621,CO,30539,10490,1728,11693,800,164,125,232,256,5051,11693,13795,5051,1647,1033,109,346,56,9,5,13,8,64,346,1233,64
20200621,CT,45755,15845,5958,8528,665,,,,253,14343,8528,15845,14343,4260,3110,635,365,45,,,,15,62,365,3110,62
20200621,DC,10020,2044,5019,,163,25,29,,2500,240,2906,6029,1085,533,57,395,68,8,,,,5,0,68,465,0
20200621,DE,10775,3182,2860,3082,164,,,,524,963,3082,6730,963,435,264,117,28,1,,,,4,21,28,386,21
20200621,FL,97291,22875,16717,33441,,,,,3401,20857,33441,39365,24485,3161,1542,659,776,,,,,98,86,776,2188,197
20200621,GA,64701,16621,19315,10340,1020,51,57,,1269,16028,10340,32497,21864,2643,1188,1263,127,44,3,5,,6,7,127,2493,23
20200621,GU,222,30,,,87,,85,,13,7,,,,5,,,,,,,,,5,,,5
20200621,HI,814,194,8,,265,,206,,34,107,,,,17,,,,,,,,,17,,,
20200621,IA,26218,16096,2596,,1817,259,259,,259,4932,6750,15057,4153,686,545,34,,22,5,12,,0,64,46,559,81
20200621,ID,4006,2060,66,,51,60,15,151,427,1172,949,1728,1328,89,84,1,,2,1,,,1,0,6,83,0
20200621,IL,136762,27901,22941,44647,3995,211,352,,5218,31497,44647,60618,31497,6647,2943,1869,1353,318,9,6,,51,51,1353,5196,98
20200621,IN,42423,18786,5317,,673,,,,7644,10021,4940,14164,23319,2350,1502,351,,12,,,,300,185,45,1264,1041
20200621,KS,12059,7720,1136,,727,83,,,386,2007,5271,4896,1892,254,176,60,,9,2,,,3,4,31,215,8
20200621,KY,13750,6792,1396,,429,32,30,582,,4489,1569,7752,4429,526,394,81,,7,,,9,,35,20,451,55
20200621,LA,49778,,,,,,,,,49778,,,49778,3105,1354,1606,,22,3,2,,17,110,61,2649,395
20200621,MA,107061,31797,9956,20555,2248,,,,5460,37150,20555,49461,37150,7858,5791,644,542,204,,,,526,149,542,7165,149
20200621,MD,64306,12629,18582,17514,1268,,,,3242,11071,17514,35721,11071,3066,1322,1242,323,116,,,,33,30,323,2713,30
20200621,ME,2957,1751,719,,44,6,1,13,64,359,89,2299,569,102,89,1,,,,,,1,11,,83,19
20200621,MI,67711,26020,19919,,1516,261,,4648,3748,11599,5416,44012,18281,6090,3147,2419,,79,19,,97,116,213,121,5054,913
20200621,MN,32920,12352,7047,,2446,289,83,677,4306,5720,7447,19240,6223,1380,992,101,,44,21,1,7,20,194,43,1081,256
20200621,MO,18003,7894,5283,,,,,450,1290,3083,1825,11739,4437,956,555,339,,,,,8,25,27,23,828,104
20200621,MP,30,,,,,,,,,30,,,,2,,,,,,,,,2,,,
20200621,MS,20641,5466,10671,1134,64,981,,,1056,1269,1134,15522,3985,938,388,476,15,0,51,,,5,3,15,874,49
20200621,MT,717,554,3,,1,91,,,11,57,55,596,66,20,13,,,,5,,,,2,,,
20200621,NC,52801,19627,8963,,844,351,143,,6013,16860,16016,19089,17696,1220,690,397,,18,10,3,,59,43,93,1056,71
20200621,ND,3288,,,,,,,,,3288,,,,77,,,,,,,,,77,,,
20200621,NE,17810,7066,883,,883,126,12,,1299,7541,6057,3785,7968,244,114,10,,9,1,0,,3,107,30,91,123
20200621,NH,5544,3400,286,476,142,,,,261,979,476,4089,979,339,254,6,10,3,,,,9,57,10,272,57
20200621,NJ,169142,34869,16824,29952,5024,,,,11667,70806,29952,68384,70806,12870,6796,2315,2561,707,,,,215,276,2561,10033,276
20200621,NM,10565,1217,210,2923,66,5592,,,,557,2923,7085,557,469,98,4,59,1,236,,,,71,59,339,71
20200621,NV,13205,2482,828,3666,786,58,,,402,4983,3666,4154,4983,487,223,58,76,67,3,,,12,48,76,351,48
20200621,NY,387936,,,,,,,,,387936,,,,26727,8141,5958,6300,1605,,,,1772,2951,6300,17476,2951
20200621,OH,44808,22379,11330,,1439,53,101,1794,3445,4267,3673,31547,9588,2700,2115,496,,28,,,32,15,12,57,2625,18
20200621,OK,10515,6219,812,,722,746,,,429,1587,1950,6271,2294,369,282,28,,5,25,,,9,20,12,321,36
20200621,OR,6937,2793,260,,252,134,182,196,1906,1214,2271,3428,1238,190,138,6,,8,3,3,2,14,16,20,151,19
20200621,PA,81730,24000,10400,,1200,,,,580,45550,6600,16500,58600,6423,4566,1368,,146,,,,319,24,372,6027,24
20200621,PR,6525,,,,,,,,,6525,,,,149,,,,,,,,,149,,,
20200621,RI,16337,4303,1496,5529,,,,327,445,4237,5529,6571,4237,894,583,44,72,,,,0,11,184,72,638,184
20200621,SC,24661,8589,7027,,390,,,,1952,6896,3030,12726,8904,653,281,287,,6,,,,12,59,18,513,121
20200621,SD,6297,2102,961,1030,687,838,,,679,0,1030,5267,0,81,,,,,,,,,81,,,
20200621,TN,35102,14657,7312,,512,,,,5779,6842,9404,16254,9444,526,296,170,,11,,,,26,23,41,446,39
20200621,TX,111601,5274,2313,6809,585,,,,114,96506,6809,8286,96506,2182,269,85,171,13,,,,5,1639,171,372,1639
20200621,UT,17462,5956,511,7471,401,500,683,,2078,2104,7471,7887,2104,158,87,5,38,7,8,9,,12,7,38,113,7
20200621,VA,57994,12049,8199,19799,1956,69,,153,1583,14186,19799,24009,14186,1611,878,347,171,91,1,,0,22,101,171,1339,101
20200621,VI,76,,,,,,,,,76,,,,6,,,,,,,,,6,,,
20200621,VT,1159,959,104,,51,2,,0,12,31,29,1127,4,56,53,,,2,,,,1,0,0,56,0
20200621,WA,28680,7300,1205,8872,1262,376,593,367,500,8205,8872,11603,8205,1270,846,40,145,106,16,12,15,26,64,145,1061,64
20200621,WI,24819,13340,4493,,984,242,,,3054,2706,8064,13850,2905,744,512,179,,22,10,,,8,13,81,648,15
20200621,WV,2543,2010,173,,,,,,360,0,,,,89,58,3,,,,,,,28,,,
20200621,WY,947,485,10,121,4,287,3,,33,56,121,822,56,20,9,0,1,0,9,,,0,1,1,18,1
20200617,AK,696,398,17,,59,78,17,24,17,86,49,540,107,12,7,0,,2,2,1,0,0,0,0,12,0
20200617,AL,27312,9481,11080,,118,,,,1447,5183,2712,17722,6876,790,380,359,,5,,,,12,34,18,680,92
20200617,AR,13606,6303,3575,,123,40,806,,1516,1243,3040,10566,1243,197,110,61,,1,,10,,9,,13,184,0
20200617,AS,,,,,,,,,,,,,,,,,,,,,,,0,,,
20200617,AZ,40924,7115,1087,10518,351,4301,,,1048,16504,10518,13902,16504,1239,544,37,244,15,219,,,21,159,244,836,159
20200617,CA,157015,19766,5128,63202,8538,209,767,803,13325,45277,63202,48536,45277,5208,1660,479,2029,734,14,23,36,40,193,2029,2986,193
20200617,CO,29673,10228,1700,11438,789,163,124,228,246,4753,11438,13478,4753,1631,1019,108,343,55,8,6,14,7,66,343,1217,66
20200617,CT,45429,15676,5908,8378,661,,,,253,14392,8378,15676,14392,4219,3080,627,357,45,,,,17,65,357,3080,65
20200617,DC,9847,1989,4932,,159,25,29,,2438,275,2856,5920,1071,523,56,388,67,7,,,,5,0,67,456,0
20200617,DE,10444,3045,2779,2988,159,,,,509,964,2988,6492,964,426,259,114,27,1,,,,4,21,27,378,21
20200617,FL,82719,19886,15028,29513,,,,,2864,15428,29513,34931,18275,3018,1471,627,738,,,,,96,86,738,2090,190
20200617,GA,60030,15376,18254,9372,925,49,51,,1202,14801,9372,30196,20462,2575,1150,1230,122,39,3,5,,5,21,122,2413,40
20200617,GU,192,13,,,86,,85,,5,3,,,,5,,,,,,,,,5,,,5
20200617,HI,744,158,7,,242,,158,,22,157,,,,17,,,,,,,,,17,,,
20200617,IA,24523,15206,2452,,1716,245,245,,245,4414,6622,14225,3678,675,533,33,,20,6,13,,0,67,47,540,87
20200617,ID,3632,1897,64,,48,58,12,138,410,1002,873,1637,1121,88,84,1,,2,,,,1,,6,82,0
20200617,IL,134185,26830,22296,43765,3872,204,339,,4798,32081,43765,58339,32081,6485,2856,1832,1301,306,9,5,,45,45,1301,5053,131
20200617,IN,41013,18254,5234,,650,,,,7489,9386,4769,13668,22576,2289,1469,345,,11,,,,295,169,43,1238,1008
20200617,KS,11681,7472,1113,,716,78,,,366,1936,5134,4730,1817,247,172,60,,8,2,,,3,2,31,210,6
20200617,KY,12995,6533,1351,,427,27,30,552,,4075,1139,7389,4467,518,385,82,,8,,,9,,34,18,444,56
20200617,LA,48634,,,,,,,,,48634,,,48634,3062,1365,1618,,23,3,2,,17,43,61,2670,331
20200617,MA,106151,31314,9978,20274,2229,,,,5413,37046,20274,48934,37046,7734,5684,634,525,208,,,,518,162,525,7044,162
20200617,MD,62969,12244,18017,17020,1225,,,,3172,11291,17020,34658,11291,2996,1281,1221,311,116,,,,31,36,311,2649,36
20200617,ME,2836,1698,668,,39,7,1,16,57,350,78,2199,559,102,89,1,,,,,,1,11,0,83,19
20200617,MI,66497,25430,19667,,1492,253,,4610,3618,11427,4654,43223,18619,6036,3110,2404,,79,19,,96,115,213,120,4949,905
20200617,MN,31296,11602,6807,,2247,269,78,637,4087,5569,7044,18125,6127,1325,936,95,,41,17,1,7,18,210,39,1009,277
20200617,MO,16625,7285,4990,,,,,403,1143,2800,1620,10906,4097,909,528,319,,,,,8,24,27,22,782,103
20200617,MP,30,,,,,,,,,30,,,,2,,,,,,,,,2,,,
20200617,MS,20641,5466,10671,1134,64,981,,,1056,1269,1134,15522,3985,938,388,476,15,0,51,,,5,3,15,874,49
20200617,MT,630,514,2,,1,83,,,9,21,51,540,39,20,13,,,,4,,,,3,,,
20200617,NC,46855,17687,8344,,788,325,136,,5266,14309,14089,17511,15255,1168,670,377,,18,9,3,,53,38,85,1018,65
20200617,ND,3166,,,,,,,,,3166,,,,74,,,,,,,,,74,,,
20200617,NE,17226,7066,883,,883,126,12,,1299,6957,6057,3785,7384,234,114,10,,9,1,0,,3,97,30,91,113
20200617,NH,5436,3305,280,441,138,,,,255,1017,441,3978,1017,330,244,6,9,3,,,,10,68,9,263,68
20200617,NJ,167703,59534,28677,50981,8552,,,,19956,,50981,116722,,12769,6882,2362,2592,715,,,,217,,2592,10177,
20200617,NM,10065,1165,204,2723,62,5456,,,,455,2723,6887,455,452,98,4,59,1,236,,,,54,59,339,54
20200617,NV,11842,2511,803,3342,772,57,,,336,4021,3342,4143,4021,473,220,58,73,66,3,,,12,41,73,347,41
20200617,NY,385142,,,,,,,,,385142,,,,26564,8078,5925,6269,1595,,,,1762,2935,6269,17360,2935
20200617,OH,42422,21470,10616,,1368,52,101,1718,3252,3845,3427,29933,9062,2611,2040,472,,27,,,34,17,19,51,2531,29
20200617,OK,8904,5479,749,,507,610,,,364,1195,1789,5789,1326,364,279,28,,4,25,,,9,19,12,319,33
20200617,OR,6218,2689,231,,236,128,162,189,1796,787,2139,3263,816,183,135,6,,8,3,3,2,14,12,20,147,16
20200617,PA,79818,23100,10100,,1200,,,,545,44873,6400,15900,57518,6319,4419,1296,,144,,,,303,157,357,5805,157
20200617,PR,6003,,,,,,,,,6003,,,,147,,,,,,,,,147,,,
20200617,RI,16213,4303,1496,5529,,,,327,445,4113,5529,6571,4113,876,583,44,72,,,,0,11,166,72,638,166
20200617,SC,20556,7426,6389,,345,,,,1727,4667,2496,11413,6645,617,267,273,,5,,,,11,58,17,489,110
20200617,SD,6050,1980,954,999,668,780,,,669,0,999,5051,0,78,,,,,,,,,78,,,
20200617,TN,32143,13596,6801,,487,,,,5209,6050,8484,15125,8534,497,282,166,,10,,,,23,16,35,427,35
20200617,TX,96335,5027,2182,6382,563,,,,109,82072,6382,7881,82072,2062,269,85,171,13,,,,5,1519,171,372,1519
20200617,UT,15344,5279,480,6522,367,459,606,,1865,1733,6522,7089,1733,149,83,5,37,7,7,8,,12,6,37,106,6
20200617,VA,55775,11518,7852,19032,1896,65,,146,1459,13807,19032,22936,13807,1583,858,342,159,91,1,,0,25,107,159,1317,107
20200617,VI,73,,,,,,,,,73,,,,6,,,,,,,,,6,,,
20200617,VT,1130,946,89,,48,2,,,12,33,28,995,107,55,52,,,2,,,,1,0,0,55,0
20200617,WA,26784,7088,1175,8579,1246,359,558,355,495,6929,8579,11276,6929,1226,833,37,132,106,16,12,15,26,49,132,1045,49
20200617,WI,23454,12544,4341,,931,236,,,2884,2518,7708,13030,2716,712,489,173,,20,9,,,7,14,77,621,14
20200617,WV,2376,1895,164,,,,,,317,0,,,,88,58,3,,,,,,,27,,,
20200617,WY,884,444,9,106,5,275,4,,28,54,106,765,54,18,7,0,1,0,9,,,0,1,1,16,1
20200614,AK,661,378,17,,58,71,17,24,15,81,48,514,99,12,7,0,,2,2,1,0,0,0,0,12,0
20200614,AL,25615,8976,10497,,113,,,,1352,4674,2488,16856,6272,773,375,350,,5,,,,12,31,18,668,87
20200614,AR,12501,5701,3390,,111,36,688,,1503,1072,2648,9853,1072,179,102,54,,1,,9,,8,,10,164,5
20200614,AS,,,,,,,,,,,,,,,,,,,,,,,0,,,
20200614,AZ,35691,6573,1000,9328,324,4019,,,992,13455,9328,12908,13455,1186,533,34,232,15,210,,,22,140,232,814,140
20200614,CA,148855,19045,4966,59702,8350,204,743,789,11981,43075,59702,46078,43075,5063,1632,470,1985,722,14,23,35,35,147,1985,2931,147
20200614,CO,29130,10041,1689,11241,780,160,122,227,244,4620,11241,13263,4620,1599,1001,106,334,55,8,6,14,7,63,334,1197,63
20200614,CT,45088,15570,5846,8251,655,,,,252,14355,8251,15570,14355,4201,3070,625,355,45,,,,16,62,355,3070,62
20200614,DC,9767,1939,4889,,156,25,29,,2458,271,2820,5874,1073,515,55,382,66,7,,,,5,0,66,449,0
20200614,DE,10264,2977,2734,2936,156,,,,511,950,2936,6378,950,422,257,112,27,1,,,,4,21,27,374,21
20200614,FL,75568,18571,13986,27080,,,,,2728,13203,27080,32607,15881,2931,1446,603,706,,,,,94,82,706,2040,185
20200614,GA,57681,14485,17461,8573,870,49,48,,1144,15051,8573,28633,20475,2451,1076,1170,116,38,3,5,,13,30,116,2277,58
20200614,GU,185,7,,,86,,85,,4,3,,,,5,,,,,,,,,5,,,5
20200614,HI,728,158,7,,242,,158,,22,141,,,,17,,,,,,,,,17,,,
20200614,IA,23924,14594,2392,,2153,,,,4785,,6460,13637,3828,652,515,32,,32,,,,71,,45,528,84
20200614,ID,3399,1774,65,,47,54,12,130,384,929,813,1551,1034,87,83,1,,2,,,,1,,6,81,0
20200614,IL,132543,26338,22004,42950,3803,201,331,,4780,32136,42950,57457,32136,6308,2770,1793,1257,298,9,5,,44,44,1257,4919,132
20200614,IN,39909,17553,5126,,627,,,,7235,9368,4667,13385,21857,2240,1435,339,,10,,,,291,165,43,1217,980
20200614,KS,11047,7016,1081,,685,73,,,335,1857,4843,4469,1735,243,165,60,,7,2,,,2,7,30,201,12
20200614,KY,12445,6086,1309,,425,24,30,525,,4046,1365,7085,3995,499,374,80,,8,,,8,,29,15,433,51
20200614,LA,46619,,,,,,,,,46619,,,46619,3014,1293,1566,,22,2,2,,18,94,59,2525,430
20200614,MA,105603,31047,9821,20064,2112,,,,5280,37277,20064,48260,37277,7624,5596,632,526,198,,,,518,152,526,6944,152
20200614,MD,61701,12022,17692,16738,1200,,,,3140,10909,16738,34054,10909,2939,1260,1200,302,113,,,,31,33,302,2604,33
20200614,ME,2793,1669,638,,41,7,1,12,57,368,76,2137,580,100,87,1,,,,,,1,11,0,81,19
20200614,MI,66054,25026,19509,,1468,247,,4600,3593,11611,4623,42274,19155,6016,3096,2395,,77,19,,97,115,217,120,4933,962
20200614,MN,30471,11183,6604,,2143,257,68,618,3956,5642,6771,17568,6132,1298,903,90,,41,16,1,7,18,222,40,971,287
20200614,MO,15810,6885,4803,,,,,379,1100,2641,1514,10418,3876,879,510,308,,,,,7,24,26,21,756,100
20200614,MP,30,,,,,,,,,30,,,,2,,,,,,,,,2,,,
20200614,MS,19516,5265,10276,1080,62,944,,,873,1016,1080,14931,3505,891,372,454,15,0,43,,,4,3,15,830,46
20200614,MT,601,482,2,,1,78,,,10,28,49,504,48,0,,,,,,,,,,,,
20200614,NC,44119,16413,7955,,753,309,118,,4933,13638,12906,16518,14695,1109,637,365,,16,8,3,,47,33,74,981,54
20200614,ND,3080,,,,,,,,,3080,,,,74,,,,,,,,,74,,,
20200614,NE,16725,7066,883,,883,126,12,,1299,6456,6057,3785,6883,216,114,10,,9,1,0,,3,79,30,91,95
20200614,NH,5318,3240,271,424,133,,,,251,999,424,3895,999,320,234,6,9,3,,,,10,58,9,253,58
20200614,NJ,166881,59409,28703,50731,8510,,,,19691,,50731,116150,,12625,6792,2336,2563,720,,,,215,,2563,10062,
20200614,NM,9723,1124,198,2607,60,5313,,,,421,2607,6695,421,435,98,4,59,1,236,,,,37,59,339,37
20200614,NV,11173,2719,824,2399,728,75,,,706,3722,2399,4346,3722,464,217,58,72,65,3,,,12,37,72,343,37
20200614,NY,383324,,,,,,,,,383324,,,,26442,8040,5896,6227,1585,,,,1783,2911,6227,17304,2911
20200614,OH,41148,20907,10233,,1307,46,99,1670,3115,3771,3229,28916,9003,2557,2001,463,,25,,,32,16,18,48,2479,30
20200614,OK,8231,5154,730,,397,575,,,337,1038,1616,5173,1442,359,275,28,,3,25,,,9,19,11,314,34
20200614,OR,5636,2224,164,,178,114,104,89,1579,1184,1828,2668,1140,176,129,6,,7,3,3,2,13,13,19,140,14
20200614,PA,78798,22700,9900,,1200,,,,529,44469,6300,15600,56898,6215,4419,1296,,144,,,,303,53,357,5805,53
20200614,PR,5811,,,,,,,,,5811,,,,147,,,,,,,,,147,,,
20200614,RI,15947,4209,1468,5350,,,,308,431,4181,5350,6416,4181,833,561,40,69,,,,0,9,154,69,610,154
20200614,SC,18795,6441,5828,,306,,,,1533,4684,2186,10307,6301,600,261,272,,5,,,,11,54,11,476,107
20200614,SD,5898,1914,944,986,654,740,,,660,0,986,4912,0,75,,,,,,,,,75,,,
20200614,TN,30432,12989,6570,,469,,,,4893,5511,7817,14474,8141,475,266,162,,10,,,,21,16,33,408,34
20200614,TX,87854,4257,2552,6286,519,,,,99,74141,6286,7427,74141,1976,269,85,171,13,,,,5,1433,171,372,1433
20200614,UT,14313,4926,458,6054,348,433,567,,1724,1628,6054,6631,1628,139,82,5,35,7,6,8,,11,6,35,98,6
20200614,VA,54506,17317,7655,,,,,,12452,17082,18411,18278,17817,1546,932,333,,,,,,167,114,153,1205,188
20200614,VI,72,,,,,,,,,72,,,,6,,,,,,,,,6,,,
20200614,VT,1127,943,90,,47,2,,,12,33,28,994,105,55,52,,,2,,,,1,0,0,55,0
20200614,WA,25834,6918,1141,8136,1233,340,522,347,479,6718,8136,10980,6718,1217,822,38,135,106,15,12,16,26,47,135,1035,47
20200614,WI,22758,12029,4252,,893,231,,,2880,2473,7530,12561,2667,692,476,169,,19,9,,,7,12,76,605,11
20200614,WV,2290,1819,152,,,,,,319,0,,,,88,58,3,,,,,,,27,,,
20200614,WY,841,414,9,104,5,265,3,,27,54,104,723,54,18,7,0,1,0,9,,,0,1,1,16,1
20200610,AK,593,349,16,,57,69,16,22,12,52,45,476,72,11,6,0,,2,2,1,0,0,0,0,11,0
20200610,AL,21989,7967,9221,,103,,,,1089,3609,2086,14969,4932,744,360,333,,5,,,,12,34,18,640,86
20200610,AR,10368,4973,2920,,93,33,561,,867,921,2203,8165,921,165,96,51,,1,,6,,8,,8,154,3
20200610,AS,,,,,,,,,,,,,,,,,,,,,,,0,,,
20200610,AZ,29852,5978,913,7392,290,3694,,,845,10740,7392,11720,10740,1095,515,33,195,15,194,,,20,123,195,777,123
20200610,CA,136191,18064,4713,54151,8019,191,708,706,10784,38855,54151,43185,38855,4663,1524,451,1837,684,13,21,31,39,63,1837,2763,63
20200610,CO,28499,9823,1675,10997,772,156,119,210,245,4494,10997,13000,4494,1573,979,106,324,55,8,5,11,8,70,324,1172,70
20200610,CT,44347,15320,5761,8082,650,,,,249,14129,8082,15320,14129,4120,3002,619,349,45,,,,16,61,349,3002,61
20200610,DC,9537,1403,4352,,109,26,23,,2386,1238,2469,5188,1880,499,54,371,62,7,,,,5,0,62,437,0
20200610,DE,10056,2903,2688,2866,155,,,,498,946,2866,6244,946,413,251,109,27,1,,,,4,21,27,365,21
20200610,FL,65779,17197,12830,24463,,,,,2443,8846,24463,30269,11047,2801,1393,576,650,,,,,95,87,650,1958,193
20200610,GA,53980,13544,16797,7789,805,43,42,,1072,13888,7789,27054,19137,2329,1023,1117,106,35,3,6,,11,28,106,2158,65
20200610,GU,183,6,,,86,,83,,4,4,,,,5,,,,,,,,,5,,,5
20200610,HI,685,160,7,,236,,148,,17,117,,,,17,,,,,,,,,17,,,
20200610,IA,22624,13575,2488,,2036,,,,4525,,6109,13123,3393,631,498,31,,31,,,,69,,37,511,82
20200610,ID,3260,1690,62,,47,53,13,125,373,893,775,1493,991,85,82,0,,0,,,,,0,5,80,0
20200610,IL,129837,25574,21575,41721,3716,202,325,,4674,32050,41721,56066,32050,6095,2676,1746,1204,285,9,5,,41,41,1204,4762,129
20200610,IN,38337,17022,5028,,587,,,,7031,8669,4470,12836,21031,2173,1403,329,,9,,,,277,155,42,1193,938
20200610,KS,10812,6839,1056,,679,72,,,308,1858,4726,4331,1755,240,162,60,,7,2,,,2,7,29,199,12
20200610,KY,11883,6042,1274,,419,21,29,492,,3606,1354,6821,3708,484,365,78,,8,,,9,,24,15,425,44
20200610,LA,44030,,,,,,,,,44030,,,44030,2968,1293,1566,,22,2,2,,18,48,59,2525,384
20200610,MA,104156,30413,9686,19581,2083,,,,5207,37183,19581,47389,37183,7454,5463,618,499,193,,,,514,163,499,6788,163
20200610,MD,59465,11718,17214,16006,1140,,,,3085,10302,16006,33157,10302,2844,1219,1165,276,109,,,,31,44,276,2524,44
20200610,ME,2637,1611,560,,36,6,1,12,54,357,74,2007,556,100,87,1,,,,,,1,11,0,81,19
20200610,MI,65182,24446,19269,,1448,242,,4562,3523,11692,4562,41716,18902,5955,3059,2369,,77,19,,96,114,221,119,4883,952
20200610,MN,28869,10152,6342,,1957,231,70,574,3735,5808,6326,16238,6305,1267,753,78,,37,14,1,7,14,332,35,810,391
20200610,MO,15187,6612,4703,,,,,359,999,2511,1398,10082,3704,848,494,296,,,,,7,23,26,18,729,99
20200610,MP,30,,,,,,,,,30,,,,2,,,,,,,,,2,,,
20200610,MS,18483,5090,9887,1032,60,898,,,656,860,1032,14461,2990,868,363,444,13,0,41,,,3,4,13,808,47
20200610,MT,561,471,2,,1,73,,,4,10,37,494,30,0,,,,,,,,,,,,
20200610,NC,38171,14636,7400,,699,267,102,,4197,10870,11143,15118,11910,1053,613,343,,15,6,3,,45,28,66,942,45
20200610,ND,2941,,,,,,,,,2941,,,,73,,,,,,,,,73,,,
20200610,NE,16025,,,,,,,,,16025,,,,195,,,,,,,,,195,,,
20200610,NH,5178,2881,257,387,123,,,,260,1270,387,3521,1270,301,189,6,8,2,,,,11,85,8,208,85
20200610,NJ,165346,33627,16283,28723,4844,,,,11201,70668,28723,65955,70668,12377,6545,2251,2482,693,,,,207,410,2482,9696,410
20200610,NM,9250,1060,195,2409,60,5130,,,,396,2409,6445,396,410,,,,,,,,,410,,,
20200610,NV,10164,2605,794,2337,717,70,,,592,3049,2337,4186,3049,448,206,57,71,65,3,,,12,34,71,331,34
20200610,NY,380156,,,,,,,,,380156,,,,26195,7965,5833,6187,1573,,,,1757,2880,6187,17128,2880
20200610,OH,39575,20180,9833,,1232,43,100,1591,2970,3626,3030,27683,8862,2457,1929,446,,24,,,29,15,12,47,2392,19
20200610,OK,7480,4813,691,,263,517,,,307,889,1548,4923,1009,355,275,27,,3,24,,,8,18,11,311,33
20200610,OR,5060,2283,161,,176,112,99,88,1519,622,1768,2700,592,169,127,6,,7,3,2,2,12,10,18,137,14
20200610,PA,74684,21900,9600,,1123,,,,498,41563,6000,15000,53684,6062,4245,1216,,142,,,,283,176,336,5550,176
20200610,PR,5329,,,,,,,,,5329,,,,143,,,,,,,,,143,,,
20200610,RI,15756,4209,1468,5350,,,,308,431,3990,5350,6416,3990,812,561,40,69,,,,0,9,133,69,610,133
20200610,SC,15759,4970,5218,,248,,,,994,4328,1930,9236,4592,575,265,243,,5,,,,5,54,10,456,102
20200610,SD,5604,1775,931,956,642,657,,,643,0,956,4648,0,69,,,,,,,,,69,,,
20200610,TN,27869,12004,6185,,461,,,,4213,5006,6933,13402,7534,436,245,147,,9,,,,22,13,31,375,30
20200610,TX,79757,4215,2523,6178,518,,,,99,66224,6178,7355,66224,1885,269,85,171,13,,,,5,1342,171,372,1342
20200610,UT,12864,4491,428,,311,408,508,,1519,1454,5361,6049,1454,128,,,,,,,,,128,,,
20200610,VA,52177,16466,7251,,,,,,11925,16535,17556,17316,17305,1514,865,318,,,,,,172,159,146,1122,246
20200610,VI,72,,,,,,,,,72,,,,6,,,,,,,,,6,,,
20200610,VT,1095,927,86,,36,2,,,11,33,27,963,105,55,52,,,2,,,,1,0,0,55,0
20200610,WA,24354,6450,1104,7241,1212,240,481,314,330,6982,7241,10131,6982,1176,783,35,123,105,13,10,16,23,68,123,985,68
20200610,WI,21593,11260,4101,,823,223,,,2799,2387,7179,11808,2606,671,458,166,,18,9,,,8,12,70,585,16
20200610,WV,2193,1740,147,,,,,,306,0,,,,85,58,3,,,,,,,24,,,
20200610,WY,768,393,7,92,5,255,0,,23,55,92,683,55,18,7,,1,,9,,,,1,1,16,1
20200607,AK,544,327,15,,52,59,16,21,12,42,43,447,54,10,5,0,,2,2,1,0,0,0,0,10,0
20200607,AL,20500,7572,8524,,96,,,,955,3352,1907,14065,4526,692,344,304,,5,,,,9,30,14,598,80
20200607,AR,9426,4469,2725,,87,30,450,,856,809,1831,7595,809,154,89,48,,1,,5,,8,,7,144,3
20200607,AS,,,,,,,,,,,,,,,,,,,,,,,0,,,
20200607,AZ,26889,5628,860,6354,269,3457,,,734,9587,6354,10948,9587,1044,494,30,180,13,193,,,18,116,180,748,116
20200607,CA,128812,17486,4575,50302,7821,187,683,683,9603,37472,50302,41038,37472,4626,1475,439,1747,661,13,21,29,38,203,1747,2676,203
20200607,CO,28001,9486,1610,10617,739,154,117,173,252,4849,10617,12531,4849,1527,947,105,306,56,7,5,9,9,78,306,1138,78
20200607,CT,43968,15142,5714,7977,649,,,,245,14087,7977,15142,14087,4071,2966,611,344,44,,,,16,62,344,2966,62
20200607,DC,9332,1392,4302,,108,26,23,,2357,1124,2460,5152,1720,489,53,365,59,7,,,,5,0,59,430,0
20200607,DE,9942,2801,2855,2632,151,,,,497,1006,2632,6304,1006,398,242,105,25,1,,,,4,21,25,352,21
20200607,FL,63938,16526,12161,22678,,,,,2322,10251,22678,28887,12373,2700,1350,558,620,,,,,90,82,620,1893,187
20200607,GA,51898,12949,16217,7137,752,44,39,,1060,13700,7137,25905,18856,2180,973,1054,93,32,3,5,,7,13,93,2057,30
20200607,GU,179,6,,,84,,82,,4,3,,,,5,,,,,,,,,5,,,5
20200607,HI,675,160,7,,236,,148,,17,107,,,,17,,,,,,,,,17,,,
20200607,IA,21711,12810,2388,,1954,,,,4559,,5862,12375,3473,605,471,30,,30,,,,72,,36,484,84
20200607,ID,3139,1618,58,,45,50,12,123,366,864,730,1454,954,83,80,1,,2,,,,,0,4,79,0
20200607,IL,127757,25020,21192,40854,3663,197,320,,4623,31888,40854,55015,31888,5904,2573,1704,1168,279,9,5,,41,41,1168,4611,125
20200607,IN,37397,16462,4941,,567,,,,6774,8653,4386,12530,20481,2121,1375,326,,9,,,,260,151,40,1170,911
20200607,KS,10393,6445,1024,,653,65,,,290,1916,4503,4124,1766,232,158,60,,5,1,,,2,6,28,193,11
20200607,KY,11287,5628,1205,,417,16,19,452,,3550,1167,6486,3634,470,357,74,,8,,,9,,22,13,413,44
20200607,LA,42816,,,,,,,,,42816,,,42816,2936,1217,1510,,21,1,2,,18,161,53,2392,491
20200607,MA,103436,29893,9619,19239,2068,,,,5068,37547,19239,46648,37547,7316,5369,607,490,190,,,,504,153,490,6670,153
20200607,MD,57973,11319,16593,15040,1093,,,,2882,11046,15040,31887,11046,2749,1173,1143,262,107,,,,32,32,262,2455,32
20200607,ME,2570,1558,526,,36,6,1,11,53,379,71,1924,575,99,85,1,,,,,,1,12,0,79,20
20200607,MI,64413,23952,18991,,1427,237,,4574,3447,11785,4508,41224,18679,5895,3027,2345,,76,19,,96,113,219,117,4833,943
20200607,MN,27866,9704,6148,,1827,229,71,536,3527,5844,5958,15580,6348,1186,715,76,,35,13,1,6,11,329,30,771,385
20200607,MO,14553,6316,4525,,,,,343,934,2425,1298,9696,3557,809,466,287,,,,,7,19,28,18,695,95
20200607,MP,27,,,,,,,,,27,,,,2,,,,,,,,,2,,,
20200607,MS,17270,4814,9333,978,59,812,,,588,686,978,13671,2621,817,345,420,13,0,34,,,3,2,13,761,43
20200607,MT,545,462,2,,1,69,,,4,7,30,489,26,0,,,,,,,,,,,,
20200607,NC,35546,13788,7078,,677,231,96,,3720,9956,10049,14427,11070,996,585,327,,13,6,3,,42,20,65,903,28
20200607,ND,2861,,,,,,,,,2861,,,,72,,,,,,,,,72,,,
20200607,NE,15634,,,,,,,,,15634,,,,188,,,,,,,,,188,,,
20200607,NH,5043,2751,248,373,116,,,,269,1286,373,3384,1286,286,164,6,8,2,,,,13,93,8,185,93
20200607,NJ,164164,33159,16090,28271,4770,,,,11074,70800,28271,65093,70800,12176,6449,2218,2445,683,,,,192,378,2445,9542,378
20200607,NM,8940,1020,192,2308,57,4925,,,,438,2308,6194,438,396,,,,,,,,,396,,,
20200607,NV,9649,2424,773,2231,698,58,,,,3465,2231,3953,3465,438,204,55,69,66,3,,,,41,69,328,41
20200607,NY,378097,,,,,,,,,378097,,,,26006,7900,5788,6143,1563,,,,1763,2849,6143,17014,2849
20200607,OH,38476,19655,9517,,1132,42,102,1520,2885,3623,2896,26693,8887,2377,1850,418,,21,,,33,19,34,45,2272,60
20200607,OK,7150,4650,667,,218,472,,,294,849,1428,4644,1078,348,269,27,,2,24,,,8,18,11,302,35
20200607,OR,4808,2161,125,,159,104,82,84,1369,724,1594,2522,692,164,122,6,,7,3,2,2,11,11,17,131,16
20200607,PA,75592,21375,9399,,1123,,,,486,43209,5800,14700,55092,5943,4245,1216,,142,,,,283,57,336,5550,57
20200607,PR,4985,,,,,,,,,4985,,,,142,,,,,,,,,142,,,
20200607,RI,15441,4052,1399,5009,,,,287,416,4278,5009,6154,4278,772,507,37,69,,,,0,7,152,69,551,152
20200607,SC,14286,4965,5086,,242,,,,968,3144,1602,8384,4298,546,256,224,,5,,,,5,54,10,430,105
20200607,SD,5438,1701,924,944,634,604,,,631,0,944,4494,0,65,,,,,,,,,65,,,
20200607,TN,26381,11315,5858,,441,,,,3837,4930,6273,12673,7435,418,231,142,,8,,,,22,15,32,358,28
20200607,TX,74978,4174,2413,6034,503,,,,97,61757,6034,7187,61757,1830,269,85,171,13,,,,5,1287,171,372,1287
20200607,UT,12066,4283,410,,295,398,473,,1358,1402,4921,5743,1402,121,,,,,,,,,121,,,
20200607,VA,50681,15733,6988,,,,,,11394,16566,16606,16554,17521,1472,820,300,,,,,,176,176,142,1063,267
20200607,VI,71,,,,,,,,,71,,,,6,,,,,,,,,6,,,
20200607,VT,1063,916,74,,26,2,,,11,34,27,927,109,55,52,,,2,,,,1,0,0,55,0
20200607,WA,23729,6327,1091,6931,1202,236,446,306,320,6870,6931,9928,6870,1159,778,35,119,105,12,10,15,23,62,119,978,62
20200607,WI,20835,10820,3976,,783,220,,,2700,2336,6981,11309,2545,647,441,161,,17,9,,,8,11,68,564,15
20200607,WV,2144,1691,146,,,,,,307,0,,,,84,58,3,,,,,,,23,,,
20200607,WY,734,355,8,83,5,248,,,18,54,83,634,54,17,8,,1,,8,,,,1,1,15,1
20200603,AK,505,301,14,,49,54,15,16,12,44,41,404,60,10,5,0,,2,2,1,0,0,0,0,10,0
20200603,AL,18851,7031,7774,,85,,,,805,3154,1666,12958,4224,653,330,286,,3,,,,8,26,12,564,77
20200603,AR,8067,3816,2515,,80,27,346,,628,655,1356,6711,655,142,80,46,,1,,3,,8,,5,133,4
20200603,AS,,,,,,,,,,,,,,,,,,,,,,,0,,,
20200603,AZ,22223,5195,773,5235,230,3143,,,629,7018,5235,9970,7018,981,465,29,159,12,183,,,17,116,159,706,116
20200603,CA,117687,16402,4298,44975,7387,173,652,638,8626,34536,44975,38176,34536,4361,1395,414,1631,613,14,31,26,32,205,1631,2525,205
20200603,CO,27060,9281,1580,10196,719,140,110,170,248,4611,10196,12248,4611,1494,935,102,292,53,8,5,10,8,76,292,1121,76
20200603,CT,43091,14814,5573,7766,633,,,,232,13927,7766,14814,13927,3989,2908,592,339,41,,,,16,65,339,2908,65
20200603,DC,9016,1364,4164,,106,26,22,,2281,1053,2372,5010,1634,473,52,356,54,7,,,,4,0,54,419,0
20200603,DE,9712,2809,2565,2724,149,,,,487,978,2724,6010,978,375,226,99,24,1,,,,4,21,24,330,21
20200603,FL,58764,15738,11289,20658,,,,,2189,8890,20658,27229,10877,2566,1290,534,578,,,,,84,80,578,1808,180
20200603,GA,48894,12264,15559,6476,704,37,33,,965,12856,6476,24637,17781,2123,948,1033,88,31,3,4,,5,11,88,2008,27
20200603,GU,179,6,,,84,,82,,4,3,,,,5,,,,,,,,,5,,,5
20200603,HI,653,200,6,,224,,109,54,12,48,,,,17,,,,,,,,,17,,,
20200603,IA,20373,12021,2241,,1833,,,,4278,,5501,11613,3260,574,453,28,,28,,,,63,,34,464,74
20200603,ID,2990,1548,53,,44,44,9,137,332,817,671,1409,909,83,80,1,,2,,,,,0,4,79,0
20200603,IL,123830,24128,20506,39339,3556,193,301,,4496,31311,39339,53180,31311,5621,2441,1646,1094,266,8,5,,42,42,1094,4408,119
20200603,IN,35712,15998,4856,,535,,,,6571,7785,4106,12070,19534,2032,1324,314,,8,,,,247,136,38,1127,867
20200603,KS,10170,6291,995,,639,63,,,275,1907,4393,4007,1770,222,148,61,,5,1,,,1,6,24,188,10
20200603,KY,10410,5376,1049,,382,12,15,408,,3168,1110,5908,3392,450,321,69,,7,,,8,,45,12,370,68
20200603,LA,41133,,,,,,,,,41133,,,,2870,1217,1510,,21,1,2,,18,101,53,2392,425
20200603,MA,101592,26921,9244,18692,1930,,,,4673,40128,18692,42768,40128,7152,2989,350,464,128,,,,228,2982,464,3695,2982
20200603,MD,54982,10757,15856,14155,1048,,,,2765,10401,14155,30426,10401,2641,1118,1085,245,104,,,,33,56,245,2340,56
20200603,ME,2418,1459,453,,35,4,,11,49,407,65,1740,613,95,,,,,,,,,95,,,
20200603,MI,58035,21472,17990,,1160,290,,4062,2901,9285,4062,36562,17410,5570,2840,2228,,55,27,,111,111,222,111,4567,891
20200603,MN,25870,8995,5797,,1582,208,44,505,3185,5554,5254,14535,6081,1086,665,66,,30,13,1,6,8,307,26,704,356
20200603,MO,13767,5884,4299,,,,,331,846,2396,1166,9109,3491,786,452,276,,,,,6,19,30,16,672,96
20200603,MP,24,,,,,,,,,24,,,,2,,,,,,,,,2,,,
20200603,MS,16322,4570,8805,923,57,772,,,527,668,923,12834,2565,782,333,401,10,0,33,,,3,2,10,733,39
20200603,MT,525,446,2,,1,58,,,4,14,25,470,30,0,,,,,,,,,,,,
20200603,NC,30777,12165,6571,,629,214,86,,2998,8114,8390,13028,9359,939,523,303,,12,6,3,,41,51,56,730,153
20200603,ND,2679,,,,,,,,,2679,,,,66,,,,,,,,,66,,,
20200603,NE,14866,,,,,,,,,14866,,,,187,,,,,,,,,187,,,
20200603,NH,4795,2617,232,338,114,,,,263,1231,338,3226,1231,265,147,4,8,2,,,,12,92,8,165,92
20200603,NJ,162068,32150,15671,27358,4597,,,,10975,71317,27358,63393,71317,11880,6092,2114,2229,617,,,,377,902,2229,9200,902
20200603,NM,8140,969,192,1978,51,4640,,,,310,1978,5852,310,375,,,,,,,,,375,,,
20200603,NV,8935,2141,699,2491,683,46,,,,2875,2491,3569,2875,429,198,52,66,63,3,,,,74,66,316,74
20200603,NY,374085,,,,,,,,,374085,,,,24079,7814,5750,6015,1573,,,,1728,1199,6015,16865,1199
20200603,OH,36792,18790,9139,,1018,42,97,1395,2722,3589,2694,25264,8834,2299,1807,392,,20,,,26,16,36,42,2198,59
20200603,OK,6805,4435,639,,188,429,,,279,835,1374,4486,945,341,264,27,,2,23,,,8,17,10,300,31
20200603,OR,4399,2115,119,,152,94,76,78,1293,472,1502,2462,435,159,114,6,,7,3,1,2,11,15,16,119,24
20200603,PA,73405,20563,9071,,1082,,,,463,42226,5000,13100,55305,5742,3958,1116,,133,,,,257,278,304,5160,278
20200603,PR,4023,,,,,,,,,4023,,,,140,,,,,,,,,140,,,
20200603,RI,15219,4052,1399,5009,,,,287,416,4056,5009,6154,4056,742,507,37,69,,,,0,7,122,69,551,122
20200603,SC,12651,4588,4812,,223,,,,783,2354,1359,7931,3360,518,244,204,,4,,,,4,59,9,404,109
20200603,SD,5162,1595,917,903,599,541,,,607,0,903,4259,0,62,,,,,,,,,62,,,
20200603,TN,24822,10589,5472,,423,,,,3546,4792,5613,11937,7272,388,214,131,,7,,,,21,15,28,333,27
20200603,TX,68271,4130,2389,5981,501,,,,96,55174,5981,7116,55174,1734,183,67,123,6,,,,1,1354,123,257,1354
20200603,UT,10497,3873,332,,255,351,416,,1216,1031,4190,5276,1031,117,,,,,,,,,117,,,
20200603,VA,46905,14647,6614,,,,,,10538,15106,15257,15500,16148,1428,787,286,,,,,,169,186,128,1011,289
20200603,VI,70,,,,,,,,,70,,,,6,,,,,,,,,6,,,
20200603,VT,990,901,35,,12,1,,,11,30,27,859,104,55,52,,,2,,,,1,0,0,55,0
20200603,WA,22484,6150,1061,6474,1173,220,404,286,307,6409,6474,9601,6409,1135,754,33,112,101,11,9,15,23,77,112,946,77
20200603,WI,19400,10114,3726,,706,212,,,2535,2107,6535,10531,2334,616,418,153,,17,9,,,6,13,60,542,14
20200603,WV,2077,1644,142,,,,,,291,0,,,,78,58,3,,,,,,,17,,,
20200603,WY,703,338,7,80,4,241,,,18,54,80,608,54,17,,,,,,,,,17,,,
20200531,AK,460,274,13,,46,41,15,16,12,43,40,366,54,10,5,0,,2,2,1,0,0,0,0,10,0
20200531,AL,18241,6861,7534,,86,,,,776,2983,1612,12607,4021,632,318,278,,3,,,,7,26,12,543,77
20200531,AR,7253,3463,2372,,74,26,295,,485,538,1031,6222,538,133,76,46,,1,,3,,7,,5,128,0
20200531,AS,,,,,,,,,,,,,,,,,,,,,,,,,,
20200531,AZ,19936,4972,733,4715,207,2970,,,543,5796,4715,9425,5796,906,444,29,142,12,170,,,14,95,142,669,95
20200531,CA,110583,15843,4137,42897,7209,161,612,617,7163,31944,42897,35742,31944,4213,1333,397,1545,591,14,28,26,32,247,1545,2421,247
20200531,CO,26378,8989,1540,9730,685,131,108,168,237,4787,9730,11858,4787,1445,919,97,280,54,7,6,9,6,63,280,1098,63
20200531,CT,42201,14247,5355,7434,609,,,,222,14194,7434,14247,14194,3944,2879,582,340,37,,,,13,66,340,2879,66
20200531,DC,8801,1346,4097,,106,26,22,,2232,972,2328,4927,1546,466,52,349,54,7,,,,4,0,54,412,0
20200531,DE,9498,2730,2520,2623,141,,,,480,1004,2623,5871,1004,366,220,97,23,1,,,,4,21,23,322,21
20200531,FL,56163,15255,10782,19598,,,,,2112,8416,19598,26202,10363,2451,1228,520,543,,,,,80,80,543,1730,178
20200531,GA,47063,11660,15064,5936,667,36,31,,976,12693,5936,23667,17460,2053,916,1001,83,31,3,4,,5,10,83,1947,23
20200531,GU,175,6,,,82,,81,,3,3,,,,5,,,,,,,,,5,,,5
20200531,HI,652,200,6,,224,,109,54,12,47,,,,17,,,,,,,,,17,,,
20200531,IA,19619,11380,2158,,1765,,,,4316,,5101,11183,3335,535,411,26,,26,,,,69,,32,422,74
20200531,ID,2839,1460,46,,44,34,7,134,308,803,603,1347,888,82,79,1,,2,,,,,0,4,78,0
20200531,IL,120260,23426,19939,37707,3465,191,294,,4420,30818,37707,51735,30818,5390,2324,1588,1050,257,8,4,,39,39,1050,4220,120
20200531,IN,34574,14797,4529,,484,,,,5912,8850,3941,11720,18911,1967,1272,298,,9,,,,239,147,35,1101,830
20200531,KS,9719,6000,959,,601,51,,,250,1858,4183,3832,1704,208,138,59,,4,1,,,1,5,21,178,9
20200531,KY,9704,5082,1007,,361,6,8,380,,2860,1012,5588,3104,431,305,68,,6,,,6,,46,9,356,66
20200531,LA,39916,,,,,,,,,39916,,,,2791,1158,1468,,21,2,2,,19,121,51,2273,467
20200531,MA,96965,25307,8726,18132,1842,,,,4460,38592,18132,40335,38592,6846,2861,342,431,130,,,,225,2854,431,3558,2854
20200531,MD,52778,10299,15188,13377,997,,,,2654,10263,13377,29138,10263,2532,1075,1035,233,99,,,,31,59,233,2240,59
20200531,ME,2325,1303,350,,29,3,,10,49,581,61,1469,795,89,,,,,,,,,89,,,
20200531,MI,57397,21236,17793,,1147,286,,4591,2869,9183,4017,36160,17219,5491,2800,2196,,54,27,,109,109,219,109,4447,878
20200531,MN,24850,8529,5569,,1397,204,47,476,2929,5699,4908,13774,6168,1040,634,62,,26,12,0,4,6,296,25,675,340
20200531,MO,13147,5654,4142,,,,,312,774,2256,1083,8730,3332,772,443,272,,,,,7,18,29,16,658,96
20200531,MP,22,,,,,,,,,22,,,,2,,,,,,,,,2,,,
20200531,MS,15501,4392,8363,878,56,664,,,534,614,878,12100,2523,734,316,374,10,0,28,,,4,2,10,689,35
20200531,MT,515,441,2,,1,53,,,4,14,21,466,28,16,12,,,,4,,,,,,,
20200531,NC,28589,11370,6266,,605,205,77,,2583,7483,7575,12324,8690,886,498,288,,11,4,2,,37,46,48,697,141
20200531,ND,2577,,,,,,,,,2577,,,,61,,,,,,,,,61,,,
20200531,NE,14101,,,,,,,,,14101,,,,170,,,,,,,,,170,,,
20200531,NH,4651,1981,150,233,80,,,,253,1954,233,2464,1954,245,88,0,4,0,,,,10,143,4,98,143
20200531,NJ,160445,31593,15376,26773,4504,,,,10715,71484,26773,62188,71484,11698,6014,2087,2200,621,,,,384,776,2200,9106,776
20200531,NM,7689,910,187,1846,48,4433,,,,265,1846,5578,265,356,,,,,,,,,356,,,
20200531,NV,8593,2026,678,2348,657,45,,,,2839,2348,3406,2839,421,194,52,67,62,3,,,,66,67,311,66
20200531,NY,370770,,,,,,,,,370770,,,,23905,7755,5723,5958,1565,,,,1726,1178,5958,16769,1178
20200531,OH,35513,18091,8852,,937,39,95,1350,2575,3574,2555,24120,8838,2155,1697,367,,19,,,25,12,34,39,2066,50
20200531,OK,6506,4210,619,,172,405,,,263,837,1248,4203,1055,334,255,27,,2,22,,,8,20,10,289,35
20200531,OR,4243,1946,97,,139,69,53,73,1166,700,1317,2238,688,153,109,6,,7,3,1,2,10,15,14,116,23
20200531,PA,71926,19847,8777,,1035,,,,437,41830,5000,13100,53826,5555,3958,1116,,133,,,,257,91,304,5160,91
20200531,PR,3776,,,,,,,,,3776,,,,136,,,,,,,,,136,,,
20200531,RI,14928,5374,1940,6717,,,,447,597,,6717,8358,,716,588,43,78,,,,0,7,,78,638,
20200531,SC,11861,4243,4445,,202,,,,606,2464,1113,7184,3563,494,234,196,,4,,,,4,53,9,388,96
20200531,SD,4993,1539,906,881,580,493,,,594,0,881,4112,0,62,,,,,,,,,62,,,
20200531,TN,23006,9934,5202,,411,,,,2799,4660,4930,11275,6801,364,203,127,,7,,,,18,9,23,321,20
20200531,TX,64287,4107,2360,5923,498,,,,96,51303,5923,7061,51303,1672,183,67,122,6,,,,1,1293,122,257,1293
20200531,UT,9797,3645,318,,240,337,386,,1125,963,3859,4975,963,113,,,,,,,,,113,,,
20200531,VA,44607,13744,6266,,,,,,9905,14692,14097,14650,15860,1375,751,282,,,,,,165,177,125,975,275
20200531,VI,69,,,,,,,,,69,,,,6,,,,,,,,,6,,,
20200531,VT,981,893,34,,11,1,,,12,30,27,851,103,55,51,,,2,,,,2,0,0,55,0
20200531,WA,21702,5977,1030,5981,1145,211,374,271,288,6425,5981,9296,6425,1118,721,33,91,96,9,9,13,23,123,91,904,123
20200531,WI,18403,9565,3534,,681,204,,,2321,2098,6164,9999,2240,592,398,148,,16,9,,,7,14,55,517,20
20200531,WV,1953,1571,138,,,,,,301,0,,,,75,58,3,,,,,,,14,,,
20200531,WY,693,322,8,79,4,234,,,18,54,79,586,54,16,,,,,,,,,16,,,
20200527,AK,412,264,10,,46,36,14,16,12,14,39,351,22,10,5,0,,2,2,1,0,0,0,0,10,0
20200527,AL,16032,6273,6730,,82,,,,653,2294,1380,11438,3214,583,296,256,,3,,,,7,21,12,502,69
20200527,AR,6277,3012,2194,,62,22,190,,358,439,673,5604,439,120,65,45,,1,,3,,6,,3,117,0
20200527,AS,,,,,,,,,,,,,,,,,,,,,,,,,,
20200527,AZ,17262,3548,555,3572,194,2063,,,400,6930,3572,6760,6930,831,341,23,131,11,136,,,13,176,131,524,176
20200527,CA,98980,14640,3797,37768,6716,139,587,574,5026,29733,37768,31479,29733,3884,1241,369,1383,539,14,28,24,35,251,1383,2250,251
20200527,CO,24767,8661,1483,9032,661,116,99,170,225,4316,9032,11415,4316,1392,890,94,268,53,7,5,10,7,53,268,1066,53
20200527,CT,41288,13951,5248,7316,596,,,,220,13823,7316,13951,13823,3803,2764,560,334,36,,,,13,71,334,2764,71
20200527,DC,8406,1293,3839,,104,24,20,,2051,1075,2138,4630,1638,445,50,335,49,7,,,,4,0,49,396,0
20200527,DE,9096,2645,2430,2518,135,,,,465,903,2518,5675,903,344,211,85,23,1,,,,4,20,23,301,20
20200527,FL,51283,14569,10135,18127,,,,,1994,6458,18127,24829,8327,2319,1158,492,509,,,,,80,80,509,1636,174
20200527,GA,44638,11215,14609,5385,638,35,26,,955,11775,5385,22701,16552,1933,850,932,81,29,3,2,,8,28,81,1803,49
20200527,GU,171,,,,75,,72,,24,,,,,5,,,,,,,,,5,,,5
20200527,HI,644,162,6,,198,,102,114,12,50,,,,17,,,,,,,,,17,,,
20200527,IA,18445,10514,2213,,1660,,,,4058,,4795,10514,3135,496,381,24,,14,4,9,,,59,29,401,69
20200527,ID,2731,1432,45,,44,29,5,120,293,758,560,1329,841,82,79,1,,2,,,,,0,4,78,0
20200527,IL,114306,22289,19135,35369,3319,182,282,,4179,29551,35369,49386,29551,5083,2166,1517,984,247,7,4,,36,36,984,3977,122
20200527,IN,32437,14272,4411,,454,,,,5644,7655,3600,11190,17613,1871,1227,282,,9,,,,220,130,31,1049,789
20200527,KS,9337,5717,937,,582,51,,,230,1820,3972,3718,1647,205,136,59,,4,1,,,1,4,21,177,7
20200527,KY,9077,4755,936,,357,5,5,350,,2669,908,5253,2916,400,279,66,,7,,,5,,43,10,326,64
20200527,LA,38497,,,,,,,,,38497,,,,2722,1158,1468,,21,2,2,,19,52,51,2273,398
20200527,MA,94220,24402,8385,16959,1790,,,,4239,38441,16959,38816,38441,6547,2717,333,405,117,,,,216,2762,405,3383,2762
20200527,MD,48423,9575,14217,11956,917,,,,2341,9417,11956,27050,9417,2392,1007,980,211,91,,,,27,76,211,2105,76
20200527,ME,2137,1303,350,,29,3,,10,49,393,61,1469,607,81,,,,,,,,,81,,,
20200527,MI,55608,20574,17238,,1112,278,,4448,2780,9453,3892,35033,16682,5334,2720,2133,,53,26,,106,106,213,106,4320,906
20200527,MN,22464,7704,5121,,1176,176,43,424,2613,5207,4255,12413,5796,932,583,57,,21,10,0,4,5,252,22,619,291
20200527,MO,12492,5319,3978,,,,,307,720,2159,1004,8268,3218,696,401,254,,,,,4,18,18,14,597,84
20200527,MP,22,,,,,,,,,22,,,,2,,,,,,,,,2,,,
20200527,MS,14044,4052,7556,784,53,554,,,456,589,784,11088,2172,670,287,347,9,0,25,,,2,0,9,634,27
20200527,MT,481,437,2,,1,32,,,4,5,19,443,19,16,12,,,,4,,,,,,,
20200527,NC,24628,9804,5646,,532,184,64,,2079,6319,6116,11109,7403,794,443,266,,10,3,1,,30,41,40,622,132
20200527,ND,2439,,,,,,,,,2439,,,,56,,,,,,,,,56,,,
20200527,NE,12976,,,,,,,,,12976,,,,163,,,,,,,,,163,,,
20200527,NH,4286,1981,150,233,80,,,,253,1589,233,2464,1589,223,88,0,4,0,,,,10,121,4,98,121
20200527,NJ,156628,30504,14898,25657,4294,,,,10188,71087,25657,59884,71087,11339,5835,2029,2125,597,,,,369,384,2125,8830,384
20200527,NM,7252,865,187,1696,49,4178,,,,277,1696,5279,277,329,,,,,,,,,329,,,
20200527,NV,8113,1902,610,2025,605,45,,,,2926,2025,3162,2926,402,186,51,61,60,2,,,,42,61,299,42
20200527,NY,364965,,,,,,,,,364965,,,,23532,7635,5646,5850,1546,,,,1723,1132,5850,16550,1132
20200527,OH,33439,17219,8491,,818,32,94,1208,2209,3368,2282,22554,8603,2044,1627,355,,16,,,22,8,15,35,1986,23
20200527,OK,6229,4036,584,,163,380,,,248,818,1208,4118,903,322,249,27,,2,21,,,7,16,9,284,29
20200527,OR,4038,1946,97,,139,69,53,73,1166,495,1317,2238,483,148,109,6,,7,3,1,2,10,10,14,116,18
20200527,PA,69417,18760,8427,,976,,,,402,40852,,,,5265,3615,1010,,125,,,,234,281,268,4716,281
20200527,PR,3397,,,,,,,,,3397,,,,129,,,,,,,,,129,,,
20200527,RI,14353,5310,1865,6315,,,,430,574,,6315,8179,,654,537,39,72,,,,0,6,,72,582,
20200527,SC,10623,3950,4138,,188,,,,470,1876,935,6831,2855,466,176,223,,4,,,,4,61,4,359,98
20200527,SD,4710,1434,895,819,555,440,,,567,0,819,3891,0,54,,,,,,,,,54,,,
20200527,TN,21306,8465,4383,,397,,,,2316,5745,4118,10507,6681,353,199,121,,7,,,,17,9,22,313,18
20200527,TX,57921,4065,2315,5873,498,,,,96,45074,5873,6974,45074,1562,181,67,122,6,,,,2,1184,122,256,1184
20200527,UT,8706,3350,281,,208,309,334,,986,805,3363,4538,805,105,,,,,,,,,105,,,
20200527,VA,40249,12659,5732,,,,,,8914,12944,12705,13559,13985,1281,706,261,,,,,,149,165,114,917,250
20200527,VI,69,,,,,,,,,69,,,,6,,,,,,,,,6,,,
20200527,VT,971,884,30,,11,1,,,12,33,27,838,106,54,50,,,2,,,,2,0,0,54,0
20200527,WA,20406,5841,1012,5587,1122,195,352,265,274,5758,5587,9061,5758,1095,688,31,88,92,8,7,13,21,147,88,860,147
20200527,WI,16462,8576,3234,,618,186,,,2092,1756,5470,9154,1838,539,361,141,,14,9,,,2,12,47,480,12
20200527,WV,1851,1494,130,,,,,,275,0,,,,74,58,3,,,,,,,13,,,
20200527,WY,653,316,7,73,5,210,,,18,54,73,556,54,14,,,,,,,,,14,,,
20200524,AK,408,263,10,,46,33,14,15,12,15,39,348,21,10,,,,,,,,,10,,,10
20200524,AL,14478,5796,5972,,79,,,,581,2047,1221,10385,2870,551,281,239,,3,,,,7,21,12,471,68
20200524,AR,5922,2862,2110,,61,22,172,,321,374,544,5378,374,116,64,44,,1,,2,,5,,3,113,0
20200524,AS,,,,,,,,,,,,,,,,,,,,,,,,,,
20200524,AZ,16339,3452,529,3312,181,1929,,,382,6554,3312,6473,6554,800,335,23,126,11,132,,,12,161,126,513,161
20200524,CA,92710,14218,3660,35760,6518,126,565,562,3780,27521,35760,29429,27521,3774,1228,360,1357,528,14,28,24,35,200,1357,2217,200
20200524,CO,24174,8472,1448,8763,647,113,99,166,215,4244,8763,11160,4244,1332,851,92,256,51,7,3,9,7,51,256,1020,51
20200524,CT,40468,13557,5156,7185,589,,,,215,13647,7185,13557,13647,3693,2689,542,324,36,,,,13,72,324,2689,72
20200524,DC,8110,1255,3757,,103,22,20,,1961,992,2058,4529,1523,432,46,326,49,7,,,,4,0,49,383,0
20200524,DE,8809,2523,2337,2431,127,,,,449,942,2431,5436,942,326,198,79,24,1,,,,4,20,24,282,20
20200524,FL,50867,14152,9759,17365,,,,,1949,7642,17365,24038,9464,2237,1120,474,488,,,,,77,78,488,1580,169
20200524,GA,42902,10674,14141,4857,597,35,22,,927,11649,4857,21702,16343,1827,799,889,76,28,3,2,,6,24,76,1709,42
20200524,GU,166,,,,72,,71,,23,,,,,5,,,,,,,,,5,,,5
20200524,HI,643,162,6,,198,,102,114,12,49,,,,17,,,,,,,,,17,,,
20200524,IA,17250,9833,2070,,1725,,,,3622,,4485,9833,2932,456,346,22,,13,4,9,,,54,22,369,63
20200524,ID,2626,1403,41,,44,25,3,93,270,743,502,1299,824,79,75,1,,2,,,,,1,4,74,1
20200524,IL,110304,21659,18605,34106,3234,181,278,,4037,28204,34106,47994,28204,4856,2070,1469,923,236,7,3,,36,36,923,3821,112
20200524,IN,31376,14025,4361,,439,,,,5428,7153,3482,10950,16974,1824,1200,277,,9,,,,213,122,27,1028,767
20200524,KS,8958,5425,911,,562,37,,,212,1811,3769,3551,1638,185,117,56,,3,1,,,1,7,15,158,12
20200524,KY,8571,4598,903,,353,6,6,331,,2374,852,5090,2629,391,273,66,,6,,,6,,40,9,320,62
20200524,LA,37169,,,,,,,,,37169,,,,2690,1092,1418,,21,2,2,,19,136,47,2142,501
20200524,MA,92675,23817,8155,16681,1760,,,,4077,38182,16681,37809,38182,6372,2631,318,401,114,,,,210,2695,401,3273,2695
20200524,MD,46313,9232,13762,11383,889,,,,2272,8775,11383,26155,8775,2277,957,936,198,87,,,,28,71,198,2008,71
20200524,ME,2055,1145,235,,28,3,,4,42,598,54,1212,789,78,,,,,,,,,78,,,
20200524,MI,54679,20231,16950,,1093,273,,4374,2733,9295,3280,34447,16950,5228,2666,2091,,52,26,,104,104,209,104,4234,888
20200524,MN,20573,6982,4683,,1001,153,34,377,2270,5073,3666,11240,5667,869,543,51,,20,10,0,4,4,237,19,577,273
20200524,MO,11988,5115,3860,,,,,294,678,2031,965,7982,3039,681,390,250,,,,,4,18,18,14,584,82
20200524,MP,22,,,,,,,,,22,,,,2,,,,,,,,,2,,,
20200524,MS,13252,3859,7121,722,51,485,,,539,475,722,10436,2094,625,268,327,8,0,21,,,1,0,8,599,18
20200524,MT,479,437,2,,1,30,,,5,4,19,441,19,16,12,,,,4,,,,,,,
20200524,NC,23222,9266,5412,,491,177,59,,1912,5905,5557,10649,7016,744,413,253,,9,2,1,,27,39,34,590,120
20200524,ND,2418,,,,,,,,,2418,,,,53,,,,,,,,,53,,,
20200524,NE,12134,,,,,,,,,12134,,,,150,,,,,,,,,150,,,
20200524,NH,4149,1981,150,233,80,,,,253,1452,233,2464,1452,209,88,0,4,0,,,,10,107,4,98,107
20200524,NJ,154154,29952,14600,25130,4216,,,,9566,70690,25130,58334,70690,11133,5749,1992,2078,581,,,,366,734,2078,8688,734
20200524,NM,6943,825,181,1592,45,4015,,,,285,1592,5066,285,317,,,,,,,,,317,,,
20200524,NV,7770,1865,607,2008,602,37,,,,2651,2008,3111,2651,394,180,51,61,60,1,,,,41,61,292,41
20200524,NY,361515,,,,,,,,,361515,,,,23391,7532,5585,5768,1526,,,,1742,1238,5768,16385,1238
20200524,OH,31911,16386,8093,,720,26,88,1126,2054,3418,2117,21335,8459,1969,1522,344,,16,,,25,16,45,31,1855,83
20200524,OK,6037,3921,564,,155,370,,,240,787,1111,3908,1018,311,240,26,,2,21,,,7,15,7,273,31
20200524,OR,3927,1842,86,,135,67,47,70,1023,657,1162,2103,662,148,100,6,,7,3,1,2,9,20,12,108,28
20200524,PA,67713,18069,8136,,914,,,,380,40214,,,,5124,3615,1010,,125,,,,234,140,268,4716,140
20200524,PR,3189,,,,,,,,,3189,,,,127,,,,,,,,,127,,,
20200524,RI,14065,3153,1078,3568,,,,248,331,5687,3568,4810,5687,608,454,27,54,,,,0,5,68,54,486,68
20200524,SC,10096,3685,3948,,87,,,,438,1935,778,6401,2829,435,215,162,,4,,,,4,49,7,341,89
20200524,SD,4563,1380,889,782,522,396,,,594,0,782,3781,0,50,,,,,,,,,50,,,
20200524,TN,20145,8040,4139,,387,,,,2002,5577,3578,10011,6556,336,195,112,,7,,,,13,9,20,300,16
20200524,TX,55348,4040,2266,5806,493,,,,96,42647,5806,6895,42647,1519,180,67,121,6,,,,2,1143,121,255,1143
20200524,UT,8392,3244,272,,202,300,314,,947,783,3221,4388,783,97,,,,,,,,,97,,,
20200524,VA,36244,11686,5409,,,,,,7894,11255,11371,12677,12196,1171,637,241,,,,,,135,158,93,840,238
20200524,VI,69,,,,,,,,,69,,,,6,,,,,,,,,6,,,
20200524,VT,956,875,27,,11,1,,,12,30,26,828,102,54,50,,,2,,,,2,0,0,54,0
20200524,WA,19828,5678,940,5145,1071,182,305,244,260,6003,5145,8680,6003,1061,686,31,87,91,8,7,13,20,118,87,856,118
20200524,WI,15277,8043,3024,,577,173,,,1875,1585,5001,8605,1671,510,339,139,,13,8,,,2,9,45,457,8
20200524,WV,1771,1420,124,,,,,,227,0,,,,72,58,3,,,,,,,11,,,
20200524,WY,638,306,8,74,5,202,,,17,52,74,538,52,12,,,,,,,,,12,,,
20200520,AK,402,261,9,,46,31,14,14,12,15,38,344,20,10,,,,,,,,,10,,,10
20200520,AL,13052,5416,5248,,75,,,,529,1781,1091,9479,2481,522,267,226,,3,,,,7,19,12,447,63
20200520,AR,5003,2478,1883,,59,18,116,,205,244,324,4679,244,107,59,41,,,,2,,5,,3,104,0
20200520,AS,,,,,,,,,,,,,,,,,,,,,,,,,,
20200520,AZ,14897,3226,481,2797,164,1774,,,313,6142,2797,5958,6142,747,306,23,118,9,124,,,11,156,118,473,156
20200520,CA,84057,13185,3418,31432,6119,113,547,517,3015,25711,31432,26914,25711,3374,1125,335,1235,496,14,27,23,38,81,1235,2058,81
20200520,CO,22797,8147,1395,8143,629,102,91,164,207,3914,8143,10735,3914,1299,832,91,244,51,8,4,10,7,50,244,1003,50
20200520,CT,39017,12455,4904,6847,563,,,,198,13944,6847,12455,13944,3529,2560,519,305,35,,,,15,81,305,2560,81
20200520,DC,7551,1158,3521,,97,20,16,,1747,992,1812,4218,1521,407,44,313,41,7,,,,2,0,41,366,0
20200520,DE,8194,2318,2207,2265,120,,,,425,859,2265,5070,859,310,188,76,22,1,,,,3,20,22,268,20
20200520,FL,47471,13292,9026,15924,,,,,1864,7365,15924,22484,9063,2096,1051,438,460,,,,,74,73,460,1479,157
20200520,GA,39801,10086,13574,4410,568,33,21,,858,10251,4410,20540,14851,1697,741,825,62,28,3,2,,7,29,62,1583,52
20200520,GU,165,,,,72,,71,,22,,,,,5,,,,,,,,,5,,,5
20200520,HI,643,154,5,,172,,89,166,5,52,,,,17,,,,,,,,,17,,,
20200520,IA,15824,9020,1899,,1582,,,,3323,,4114,9179,2532,395,304,19,,11,3,7,,,47,19,319,55
20200520,ID,2506,1362,34,,44,24,3,80,262,695,447,1269,789,77,73,1,,2,,,,,1,4,72,1
20200520,IL,100418,20251,17512,30555,3003,173,261,,3801,24862,30555,45001,24862,4525,1928,1394,828,215,9,3,,38,38,828,3587,110
20200520,IN,29274,13524,4186,,439,,,,5064,6088,3220,10392,15661,1716,1127,262,,6,,,,202,116,27,955,732
20200520,KS,8539,5108,890,,531,29,,,198,1783,3496,3397,1646,178,115,56,,1,1,,,1,4,14,154,10
20200520,KY,8167,4398,876,,347,5,5,309,,2227,793,4901,2473,376,260,63,,7,,,4,,42,7,309,60
20200520,LA,35316,,,,,,,,,35316,,,,2608,1092,1418,,21,2,2,,19,54,47,2142,419
20200520,MA,88970,22687,7740,15480,1601,,,,3825,37456,15480,35853,37456,6066,2462,309,370,103,,,,194,2620,370,3068,2620
20200520,MD,42323,8566,12919,10153,823,,,,2106,7756,10153,24414,7756,2123,896,876,171,77,,,,26,77,171,1875,77
20200520,ME,1819,1145,235,,28,3,,4,42,362,54,1212,553,73,,,,,,,,,73,,,
20200520,MI,53009,19083,16432,,1060,265,,4240,2650,9541,3180,32865,16962,5060,2580,2024,,50,25,,101,101,202,101,4098,860
20200520,MN,17670,5968,3909,,753,128,22,314,1787,4789,2821,9425,5424,777,493,41,,17,10,0,4,2,210,17,516,244
20200520,MO,11080,4653,3656,,,,,221,554,1994,775,7423,2880,616,344,234,,,,,12,18,18,12,517,86
20200520,MP,21,,,,,,,,,21,,,,2,,,,,,,,,2,,,
20200520,MS,11967,3647,6472,655,46,420,,,257,470,655,9551,1761,570,249,296,8,0,16,,,1,0,8,546,16
20200520,MT,478,429,2,,1,29,,,5,12,18,440,20,16,12,,,,4,,,,,,,
20200520,NC,20122,8074,4870,,415,153,50,,1521,5039,4539,9454,6129,702,394,238,,7,1,1,,26,35,29,557,116
20200520,ND,2095,,,,,,,,,2095,,,,49,,,,,,,,,49,,,
20200520,NE,11122,,,,,,,,,11122,,,,138,,,,,,,,,138,,,
20200520,NH,3868,1685,131,193,70,,,,206,1583,193,2092,1583,190,73,0,3,0,,,,3,111,3,76,111
20200520,NJ,150399,28389,13871,23703,3925,,,,8779,71732,23703,54964,71732,10747,5511,1906,1978,567,,,,350,691,1978,8334,691
20200520,NM,6317,784,169,1389,43,3679,,,,253,1389,4675,253,283,,,,,,,,,283,,,
20200520,NV,7166,1649,532,1445,498,34,,,,3008,1445,2713,3008,378,156,46,49,57,1,,,,69,49,260,69
20200520,NY,354370,,,,,,,,,354370,,,,23836,7373,5453,5607,1486,,,,1793,2124,5607,16105,2124
20200520,OH,29436,15052,7502,,603,21,81,1018,1903,3256,1887,19425,8124,1781,1398,304,,12,,,19,12,36,26,1693,62
20200520,OK,5532,3654,482,,144,341,,,217,694,1017,3735,780,299,230,24,,2,21,,,7,15,6,264,29
20200520,OR,3801,1842,86,,135,67,47,70,1023,531,1162,2103,536,144,100,6,,7,3,1,2,9,16,12,108,24
20200520,PA,64412,16731,7652,,835,,,,349,38845,,,,4767,3263,904,,118,,,,208,274,242,4251,274
20200520,PR,2866,,,,,,,,,2866,,,,125,,,,,,,,,125,,,
20200520,RI,13356,2994,1024,3388,,,,236,315,5399,3388,4569,5399,538,397,29,53,,,,0,4,55,53,430,55
20200520,SC,9175,3544,3709,,82,,,,412,1425,730,6089,2355,407,208,154,,3,,,,3,40,7,322,76
20200520,SD,4177,1247,868,729,488,310,,,535,0,729,3448,0,46,,,,,,,,,46,,,
20200520,TN,18532,7386,3866,,375,,,,1718,5187,2933,9111,6488,309,180,105,,7,,,,11,6,15,281,13
20200520,TX,51323,3967,2186,5702,491,,,,96,38881,5702,6740,38881,1419,180,67,120,6,,,,2,1044,120,255,1044
20200520,UT,7710,2989,254,,186,281,272,,840,759,2917,4034,759,90,,,,,,,,,90,,,
20200520,VA,32908,10764,5082,,,,,,6998,10064,10147,11771,10990,1074,584,226,,,,,,127,137,87,770,217
20200520,VI,69,,,,,,,,,69,,,,6,,,,,,,,,6,,,
20200520,VT,944,860,27,,11,1,,,12,33,25,813,106,54,49,,,2,,,,3,0,0,53,1
20200520,WA,18971,5535,890,4719,1031,172,268,234,247,5875,4719,8377,5875,1037,667,30,85,89,8,7,13,19,119,85,833,119
20200520,WI,13413,7136,2684,,504,151,,,1497,1441,4193,7688,1532,481,316,136,,12,6,,,4,7,42,431,8
20200520,WV,1567,1276,113,,,,,,179,0,,,,69,58,3,,,,,,,8,,,
20200520,WY,596,289,7,73,4,194,,,17,53,73,511,53,11,,,,,,,,,11,,,
20200517,AK,396,257,9,,45,29,13,15,12,16,38,336,22,10,,,,,,,,,0,,,10
20200517,AL,11771,4975,4607,,70,,,,456,1662,981,8541,2268,488,246,215,,3,,,,6,18,11,418,59
20200517,AR,4759,2354,1781,,55,13,91,32,184,249,268,4510,249,98,49,33,,,,1,,5,,3,85,10
20200517,AS,,,,,,,,,,,,,,,,,,,,,,,,,,
20200517,AZ,13937,3044,437,2541,150,1640,,,282,5843,2541,5553,5843,680,287,22,106,8,116,,,11,130,106,444,130
20200517,CA,78839,12452,3221,29208,5804,104,526,490,2824,24210,29208,25421,24210,3261,1039,311,1137,468,14,28,20,40,204,1137,1920,204
20200517,CO,21938,7928,1353,7711,603,96,87,168,206,3782,7711,10441,3782,1215,781,82,230,47,7,4,11,7,42,230,939,42
20200517,CT,37419,12051,4712,6558,550,,,,192,13254,6558,12051,13254,3408,2482,499,286,34,,,,15,78,286,2482,78
20200517,DC,7123,1122,3366,,96,19,16,,1637,867,1700,4054,1369,383,43,294,37,7,,,,2,0,37,346,0
20200517,DE,7670,2134,2086,2100,113,,,,409,828,2100,4742,828,290,177,68,21,1,,,,3,20,21,249,20
20200517,FL,45588,12771,8598,14905,,,,,1786,7528,14905,21514,9169,1973,986,419,431,,,,,68,69,431,1397,145
20200517,GA,37552,9364,12953,3995,533,34,16,,646,10011,3995,19313,14244,1609,685,780,58,27,3,2,,8,46,58,1481,70
20200517,GU,154,,,,61,,70,,23,,,,,5,,,,,,,,,5,,,5
20200517,HI,640,154,5,,172,,89,166,5,49,,,,17,,,,,,,,,17,,,
20200517,IA,14651,8223,1821,,1463,,,,3144,,3675,8368,2606,351,273,19,,10,2,7,,,39,17,281,52
20200517,ID,2419,1335,31,,41,23,2,68,242,674,411,1227,780,73,70,1,,2,,,,,0,4,69,0
20200517,IL,94191,19218,16616,27763,2830,159,219,,3643,23743,27763,42685,23743,4177,1785,1316,747,194,7,2,,31,31,747,3335,95
20200517,IN,27778,12527,3916,,416,,,,4611,6305,3000,9972,14805,1607,1046,250,,6,,,,184,118,25,896,684
20200517,KS,7886,4686,822,,449,25,,,184,1720,3146,3118,1622,172,105,53,,1,1,,,2,10,13,143,16
20200517,KY,7688,4253,850,,343,2,5,300,,1935,738,4705,2245,332,230,56,,5,,,4,,37,7,270,55
20200517,LA,34432,,,,,,,,,34432,,,,2425,951,1294,,18,0,1,,17,144,40,1869,516
20200517,MA,86010,21674,7396,14277,1548,,,,3612,37414,14277,34230,37414,5797,2324,295,353,92,,,,179,2550,353,2890,2550
20200517,MD,38804,8058,12052,8907,752,,,,1852,7183,8907,22714,7183,1876,779,777,154,67,,,,23,76,154,1646,76
20200517,ME,1687,980,140,,22,2,,3,37,503,44,973,670,70,,,,,,,,,70,,,
20200517,MI,51142,18411,15854,,1022,255,,4091,2557,9205,3068,32219,15854,4891,2445,1956,,48,24,,97,97,195,97,3912,880
20200517,MN,15668,5182,3287,,601,107,19,255,1516,4701,2311,7991,5366,722,461,38,,16,10,0,4,2,191,16,481,225
20200517,MO,10789,4531,3560,,,,,215,539,1942,755,7228,2805,594,249,196,,,,,11,29,106,11,498,83
20200517,MP,21,,,,,,,,,21,,,,2,,,,,,,,,2,,,
20200517,MS,11296,3492,6094,612,40,360,,,271,427,612,8951,1733,521,228,271,6,0,15,,,1,0,6,503,12
20200517,MT,468,427,2,,1,29,,,4,5,11,437,20,16,12,,,,4,,,,,,,
20200517,NC,18512,7352,4476,,351,140,40,,1289,4864,3888,8694,5930,659,370,217,,7,1,2,,26,36,29,518,112
20200517,ND,1900,,,,,,,,,1900,,,,43,,,,,,,,,43,,,
20200517,NE,10348,,,,,,,,,10348,,,,123,,,,,,,,,123,,,
20200517,NH,3596,1685,131,193,70,,,,206,1311,193,2092,1311,172,73,0,3,0,,,,3,93,3,76,93
20200517,NJ,146334,27639,13415,23004,3825,,,,8285,70166,23004,53164,70166,10356,5201,1807,1853,532,,,,331,632,1853,7871,632
20200517,NM,5938,756,168,1308,48,3432,,,,226,1308,4404,226,265,,,,,,,,,265,,,
20200517,NV,6857,,,,,,,,,6857,,,,350,,,,,,,,,350,,,
20200517,NY,350121,,,,,,,,,350121,,,,22619,5733,3561,3913,881,,,,599,7929,3913,6095,5426
20200517,OH,27923,14273,7125,,527,21,69,946,1792,3170,1723,18284,7916,1625,1307,269,,11,,,14,9,15,23,1568,34
20200517,OK,5310,3546,442,,135,334,,,211,642,844,3749,717,288,222,23,,2,21,,,7,13,7,254,27
20200517,OR,3623,1679,82,,118,57,33,63,879,712,1004,1895,724,137,95,5,,7,2,1,2,8,17,11,102,24
20200517,PA,62234,15850,7297,,781,,,,324,37982,,,,4418,1672,506,,53,,,,14,2173,,,
20200517,PR,2646,,,,,,,,,2646,,,,123,,,,,,,,,123,,,
20200517,RI,12674,1042,347,1176,,,,0,106,6979,1176,1495,6979,338,117,8,19,,,,0,2,192,19,127,192
20200517,SC,8816,3296,3450,,76,,,,383,1609,599,5695,2521,385,198,146,,3,,,,3,36,,,
20200517,SD,3987,1190,859,696,475,264,,,503,0,696,3291,0,44,,,,,,,,,44,,,
20200517,TN,17388,7045,3687,,364,,,,1497,4795,2498,8732,6158,298,176,97,,7,,,,10,8,14,273,11
20200517,TX,47784,3953,2181,5649,488,,,,96,35417,5649,6718,35417,1336,180,67,120,6,,,,2,961,120,255,961
20200517,UT,7238,2842,229,,177,233,245,,797,707,2752,3779,707,80,,,,,,,,,80,,,
20200517,VA,30388,9959,4787,,,,,,6397,9245,9131,11095,10162,1009,549,212,,,,,,118,130,81,714,214
20200517,VI,69,,,,,,,,,69,,,,6,,,,,,,,,6,,,
20200517,VT,940,857,27,,11,1,,,12,32,25,810,105,54,49,,,2,,,,3,0,0,53,1
20200517,WA,18433,5425,861,4425,1006,161,251,232,242,5830,4425,8178,5830,1001,666,32,83,88,8,7,12,20,85,83,833,85
20200517,WI,12543,6677,2517,,458,147,,,1378,1366,3875,7195,1473,453,299,131,,9,5,,,3,6,34,411,8
20200517,WV,1490,1208,107,,,,,,174,1,,,,67,55,3,,,,,,,9,,,
20200517,WY,566,276,7,70,5,186,,,16,45,70,490,45,8,,,,,,,,,8,,,
20200513,AK,383,250,9,,45,24,13,14,12,16,37,324,22,10,,,,,,,,,0,,,10
20200513,AL,9889,4268,3841,,59,,,,371,1346,783,7247,1858,393,198,172,,2,,,,5,14,8,337,46
20200513,AR,4164,2142,1549,,49,11,63,22,153,175,224,4164,0,90,49,33,,,,0,,5,3,,,90
20200513,AS,,,,,,,,,,,,,,,,,,,,,,,,,,
20200513,AZ,12176,2787,384,2164,132,1420,,,248,5041,2164,4971,5041,594,255,19,86,5,100,,,8,121,86,387,121
20200513,CA,71141,11210,2869,24511,5206,91,477,416,2636,23725,24511,22905,23725,2846,937,280,984,432,9,25,13,42,124,984,1738,124
20200513,CO,20475,7596,1294,6926,595,90,85,167,204,3517,6926,10031,3517,1062,672,74,172,45,7,4,9,5,69,172,816,69
20200513,CT,34855,11298,4395,6099,516,,,,182,12272,6099,11298,12272,3125,2257,464,272,33,,,,14,72,272,2257,72
20200513,DC,6584,1013,3071,,88,15,15,,1460,922,1472,3708,1404,350,34,271,38,5,,,,2,0,38,312,0
20200513,DE,6952,1873,1932,1866,106,,,,387,788,1866,4298,788,247,145,63,18,1,,,,3,17,18,212,17
20200513,FL,41236,11794,7910,13620,,,,,1664,6248,13620,19761,7855,1827,911,384,393,,,,,65,74,393,1279,155
20200513,GA,35427,8945,12405,3739,494,35,15,,609,9185,3739,18423,13265,1517,662,737,51,27,3,2,,8,27,51,1427,39
20200513,GU,151,,,,61,,70,,20,,,,,5,,,,,,,,,5,,,5
20200513,HI,638,158,5,,170,,76,158,11,60,,,,17,,,,,,,,,17,,,
20200513,IA,13285,7189,1663,,1323,,,,232,2878,3189,7460,2639,306,242,16,,10,1,7,,,29,16,250,39
20200513,ID,2324,1256,27,,40,23,2,74,221,677,378,1164,781,69,66,1,,2,,,,,0,4,65,0
20200513,IL,84698,17407,15034,23259,2529,138,164,,3390,22777,23259,38662,22777,3792,1611,1217,643,169,7,2,,36,36,643,3042,107
20200513,IN,25473,11844,3744,,382,,,,4304,5196,2725,9246,13475,1482,967,238,,7,,,,170,97,23,822,637
20200513,KS,7468,4333,781,,411,23,,,170,1750,2846,2949,1673,164,102,50,,,1,,,1,10,10,137,17
20200513,KY,7049,3911,786,,4,0,7,3,,2338,658,4424,1967,326,226,54,,5,,,2,,39,6,266,54
20200513,LA,32662,,,,,,,,,32662,,,,2315,951,1294,,18,0,1,,17,34,40,1869,406
20200513,MA,80497,20204,6922,12960,1448,,,,3300,35660,12960,31874,35660,5315,2094,271,329,90,,,,159,2370,329,2614,2370
20200513,MD,34812,7367,11140,7483,689,,,,1703,6430,7483,20899,6430,1694,704,691,133,58,,,,23,85,133,1476,85
20200513,ME,1515,980,140,,22,2,,3,37,331,44,973,498,66,,,,,,,,,66,,,
20200513,MI,48391,16936,15485,,967,241,,3871,2419,8710,2419,30486,15485,4734,2309,1932,,47,23,,94,94,235,94,3771,848
20200513,MN,12917,4295,2411,,469,94,15,188,1219,4226,1817,6279,4821,638,420,35,,12,10,0,4,2,155,14,436,188
20200513,MO,10142,4259,3346,,,,,202,507,1825,709,6795,2636,542,227,178,,,,,10,27,97,10,439,92
20200513,MP,19,,,,,,,,,19,,,,2,,,,,,,,,2,,,
20200513,MS,10090,2792,4931,548,,,,,112,17,548,7835,17,465,190,249,6,,,,,0,0,6,439,0
20200513,MT,462,423,2,,1,25,,,4,7,11,429,22,16,12,,,,4,,,,,,,
20200513,NC,15816,6266,4009,,292,119,31,,1023,4076,2939,7740,5137,597,332,200,,6,1,1,,24,33,24,473,99
20200513,ND,1647,,,,,,,,,1647,,,,40,,,,,,,,,40,,,
20200513,NE,9075,,,,,,,,,9075,,,,107,,,,,,,,,107,,,
20200513,NH,3299,1479,105,143,59,,,,149,1364,,,,150,54,0,4,0,,,,1,91,,,
20200513,NJ,141560,26169,12878,21705,3599,,,,7642,69567,21705,50288,69567,9702,5087,1768,1806,523,,,,323,195,1806,7701,195
20200513,NM,5364,726,158,1137,47,3076,,,,183,1137,4007,183,231,,,,,,,,,231,,,
20200513,NV,6394,,,,,,,,,6394,,,,331,,,,,,,,,331,,,
20200513,NY,340661,,,,,,,,,340661,,,,22013,5564,3481,3824,864,,,,584,7694,3824,5978,5320
20200513,OH,25721,13240,6564,,472,21,60,856,1575,2933,1473,16851,7397,1483,1195,242,,11,,,12,4,19,21,1432,30
20200513,OK,4852,3315,357,,117,320,,,199,544,727,3401,722,278,212,22,,2,21,,,7,14,6,244,26
20200513,OR,3268,1679,82,,118,57,33,63,879,505,1004,1895,517,130,95,5,,7,2,1,2,8,14,11,102,21
20200513,PA,58698,14386,6721,,715,,,,299,36577,,,,3943,1469,416,,43,,,,12,2003,,,
20200513,PR,2329,,,,,,,,,2329,,,,115,,,,,,,,,115,,,
20200513,RI,11835,3764,1254,4246,,,,0,386,2185,4246,5404,2185,462,269,20,44,,,,0,6,123,44,295,123
20200513,SC,8030,3172,3244,0,72,,,,288,1254,560,5398,2072,362,184,136,,3,,,,3,36,,,
20200513,SD,3732,1099,827,644,449,229,,,484,,644,3088,,39,,,,,,,,,39,,,
20200513,TN,16370,6611,3518,,348,,,,1215,4678,2063,8330,5977,273,168,87,,6,,,,8,4,11,255,7
20200513,TX,42403,3898,2125,5587,486,,,,94,30213,5587,6603,30213,1158,176,66,120,6,,,,2,788,120,250,788
20200513,UT,6620,2645,199,,158,185,213,,720,664,2506,3450,664,75,,,,,,,,,75,,,
20200513,VA,26746,8924,4337,,,,,,5463,8022,7711,10071,8964,927,501,201,,,,,,110,115,73,661,193
20200513,VI,69,,,,,,,,,69,,,,6,,,,,,,,,6,,,
20200513,VT,929,828,26,,10,1,,,14,50,22,785,122,53,49,,,2,,,,2,0,0,53,0
20200513,WA,17512,5244,820,4080,965,146,241,222,227,5567,4080,7865,5567,975,648,29,81,86,8,5,12,19,87,81,807,87
20200513,WI,10902,5869,2258,,396,128,,,1130,1121,3357,6400,1145,421,280,120,,8,5,,,2,6,31,382,8
20200513,WV,"1,404","1,148",105,,,,,,152,0,,,,59,2,1,,,,,,,56,,,
20200513,WY,523,255,7,67,5,164,,,16,44,67,447,44,7,,,,,,,,,7,,,
20200510,AK,379,238,9,,45,24,13,12,10,28,35,305,39,10,,,,,,,,,0,,,10
20200510,AL,9889,4333,3789,,61,,,,371,1334,759,7266,1864,393,194,178,,3,,,,5,9,9,341,42
20200510,AR,4012,1922,1322,,44,9,53,19,152,300,191,3747,74,82,45,30,,,,0,,4,3,,,82
20200510,AS,,,,,,,,,,,,,,,,,,,,,,,,,,
20200510,AZ,11119,2631,338,1889,123,1278,,,226,4634,1889,4596,4634,536,240,17,77,5,95,,,7,95,77,364,95
20200510,CA,66680,10740,2741,22525,4935,84,454,396,2485,22320,22525,21297,22320,2657,891,264,914,417,8,24,14,36,89,914,1654,89
20200510,CO,19703,7386,1241,6531,559,84,82,175,210,3432,6531,9737,3432,971,619,63,161,37,3,3,10,6,63,161,741,63
20200510,CT,33554,10867,4177,5713,486,,,,175,12051,5713,10867,12051,2967,2127,439,256,30,,,,14,89,256,2127,89
20200510,DC,6272,970,2919,,83,14,17,,1124,891,1370,3523,1379,323,35,252,29,5,,,,2,0,29,294,0
20200510,DE,6447,1701,1799,1650,97,,,,371,829,1650,3968,829,224,132,58,13,1,,,,3,17,13,194,17
20200510,FL,39514,11254,7436,12722,,,,,1603,6499,12722,18789,8003,1721,859,363,363,,,,,60,76,363,1205,153
20200510,GA,33836,8437,11763,3374,468,32,13,,556,9193,3374,17565,12897,1405,602,693,48,26,3,2,,9,22,48,1325,32
20200510,GU,151,,,,61,,70,,20,,,,,5,,,,,,,,,5,,,5
20200510,HI,632,158,5,,170,,76,158,11,41,,,,17,,,,,,,,,17,,,
20200510,IA,11957,6581,1559,,1223,,,,200,2394,2946,6835,2176,265,210,15,,7,1,5,,,26,16,215,33
20200510,ID,2230,1160,24,,38,21,3,68,206,708,336,1101,792,67,62,1,,2,,,,,2,4,61,2
20200510,IL,77741,16390,14369,20839,2408,126,123,,3142,20344,20839,36558,20344,3406,1450,1106,554,147,6,2,,27,27,554,2738,114
20200510,IN,24126,10398,3353,,337,,,,3739,6296,2533,8878,12714,1379,860,220,,6,,,,158,131,20,755,602
20200510,KS,6984,3975,723,,394,23,,,164,1705,2574,2768,1642,157,99,47,,9,1,,,1,0,10,132,15
20200510,KY,6440,3649,679,,0,3,0,4,,2105,603,4117,1720,304,211,50,,5,,,2,,36,5,247,52
20200510,LA,31600,,,,,,,,,31600,,,,2213,833,1184,,16,0,4,,16,157,36,1647,528
20200510,MA,77793,19059,6456,11902,1322,,,,3111,35862,11902,29948,35862,4979,1911,253,293,84,,,,154,2280,293,2402,2280
20200510,MD,32587,7018,10623,6686,664,,,,1187,6409,6686,19492,6409,1538,637,631,109,51,,,,22,88,109,1341,88
20200510,ME,1436,829,73,,20,2,,2,26,484,32,781,623,64,,,,,,,,,64,,,
20200510,MI,47138,16498,15084,,942,235,,3771,2356,8484,2356,29225,15555,4570,2229,1865,,45,22,,91,91,227,91,3595,864
20200510,MN,11271,3832,1916,,450,112,56,112,1127,3719,1577,5410,4282,578,387,34,,11,5,0,5,2,132,11,398,161
20200510,MO,9844,4036,3248,,,,,196,492,1870,689,6497,2657,482,197,159,,,,,9,24,91,9,390,81
20200510,MP,16,,,,,,,,,16,,,,2,,,,,,,,,2,,,
20200510,MS,9501,2588,4475,504,,,,,184,17,504,7247,17,430,152,203,5,,,,,1,0,5,356,0
20200510,MT,458,420,2,,1,24,,,2,9,8,428,22,16,12,,,,4,,,,,,,
20200510,NC,14764,5761,3808,,273,105,22,,906,3889,2446,7316,5002,547,312,177,,6,1,1,,20,30,20,440,87
20200510,ND,1491,,,,,,,,,1491,,,,35,,,,,,,,,35,,,
20200510,NE,8315,,,,,,,,,8315,,,,98,,,,,,,,,98,,,
20200510,NH,3071,1479,105,143,59,,,,149,1136,,,,133,54,0,4,0,,,,1,74,,,
20200510,NJ,138532,,,,,,,,,138532,,,,9255,4354,1578,1446,446,,,,438,993,1446,6816,993
20200510,NM,4863,696,150,1029,42,2773,,,,134,1029,3661,134,200,,,,,,,,,200,,,
20200510,NV,6098,,,,,,,,,6098,,,,306,,,,,,,,,306,,,
20200510,NY,335395,,,,,,,,,335395,,,,21478,5423,3409,3738,845,,,,575,7485,3738,5868,5222
20200510,OH,24081,12337,6144,,415,20,49,799,1448,2869,1303,15606,7172,1341,1017,218,,10,,,15,10,71,18,1220,103
20200510,OK,4589,3194,315,,104,311,,,185,480,637,3322,628,272,206,22,,2,21,,,7,12,5,239,27
20200510,OR,2742,1456,69,,100,45,27,58,700,773,797,1641,790,109,81,5,,6,2,1,1,6,25,7,88,32
20200510,PA,56611,13526,6411,,682,,,,284,35708,,,,3707,1357,388,,40,,,,11,1911,,,
20200510,PR,2198,,,,,,,,,2198,,,,111,,,,,,,,,111,,,
20200510,RI,11274,3764,1254,4246,,,,0,386,1624,4246,5404,1624,422,269,20,44,,,,0,6,83,44,295,83
20200510,SC,7653,2966,3034,0,67,,,,269,1317,450,5083,2120,331,161,122,,3,,,,3,42,,,
20200510,SD,3517,1058,761,611,427,198,,,462,,611,2906,,34,,,,,,,,,34,,,
20200510,TN,14985,6016,3087,,342,,,,1062,4478,1715,7843,5427,243,146,76,,6,,,,7,8,8,225,10
20200510,TX,38869,3864,2119,5429,483,,,,92,26882,5429,6558,26882,1088,176,66,117,6,,,,1,722,117,249,722
20200510,UT,6251,2496,172,,145,176,183,,658,667,2365,3219,667,67,,,,,,,,,67,,,
20200510,VA,24081,8075,4031,,,,,,4742,7233,6476,9329,8276,839,451,187,,,,,,92,109,55,599,185
20200510,VI,69,,,,,,,,,69,,,,4,,,,,,,,,4,,,
20200510,VT,927,808,20,,10,1,,,16,72,20,773,134,53,49,,,2,,,,2,0,0,51,2
20200510,WA,16891,5034,795,3718,946,128,229,217,213,5611,3718,7562,5611,931,622,28,75,79,7,5,10,19,86,75,770,86
20200510,WI,10219,5504,2111,,365,119,,,1059,1061,3070,6014,1135,400,266,117,,6,5,,,2,4,32,362,6
20200510,WV,1362,1101,99,,,,,,159,3,,,,50,2,1,,,,,,,47,,,
20200510,WY,504,247,8,66,5,149,,,15,39,66,424,39,7,,,,,,,,,7,,,
20200506,AK,372,225,9,,44,22,13,11,9,39,32,277,63,,,,,,,,,,,,,
20200506,AL,8691,3877,3351,,57,,,,304,1102,601,6493,1597,343,170,155,,3,,,,5,8,8,297,37
20200506,AR,3496,1804,1181,,43,9,40,16,114,289,,,,82,48,28,,,,1,,4,1,,,
20200506,AS,,,,,,,,,,,,,,,,,,,,,,,,,,
20200506,AZ,9707,2388,301,1574,108,1144,,,195,3997,1574,4136,3997,426,195,13,65,5,80,,,7,61,65,300,61
20200506,CA,58815,9998,2456,19333,4519,74,428,339,2365,19303,19333,20179,19303,2325,766,230,784,371,8,21,9,39,97,784,1541,
20200506,CO,17830,8424,1346,6907,520,89,96,263,181,,6907,10919,,921,632,64,167,33,3,5,8,5,,167,750,
20200506,CT,30995,10178,3790,5194,448,,,,164,11146,5194,10178,11146,2718,1943,409,240,26,,,,15,74,240,1943,74
20200506,DC,5461,847,2550,,73,14,10,,1124,843,1254,3083,1206,277,29,220,21,5,,,,2,0,21,256,0
20200506,DE,5778,1508,1604,1383,1,,,,335,862,1383,3533,862,193,111,53,8,1,,,,3,17,8,168,17
20200506,FL,37020,10395,6667,11514,,,,,1543,6901,11514,17229,8277,1539,758,324,324,,,,,55,78,324,1065,150
20200506,GA,30738,9390,11143,,451,41,15,,1694,8004,3082,16608,11048,1327,589,652,,25,2,3,,26,30,48,1228,51
20200506,GU,,,,,,,,,,,,,,,,,,,,,,,,,,
20200506,HI,656,178,5,,189,,80,149,11,44,,,,,,,,,,,,,,,,
20200506,IA,10392,5545,1352,,915,,,,208,2372,2382,5805,2216,207,161,15,,7,1,4,,,19,14,167,26
20200506,ID,2158,1118,21,,32,19,3,64,194,,315,1059,,66,59,1,,2,,,,,4,4,58,4
20200506,IL,68232,14809,13277,17240,2203,99,73,,2766,17765,17240,33227,17765,2974,1262,998,457,124,5,3,,25,25,457,2417,100
20200506,IN,21870,9666,3127,,328,,,,3346,5423,2187,8157,11547,1264,803,206,,7,,,,137,108,16,704,543
20200506,KS,5734,3382,613,,275,18,,,150,1296,2044,2378,1312,144,92,46,,0,1,,,0,5,8,124,12
20200506,KY,5934,3375,628,,3,0,0,2,,1926,518,3835,1581,283,197,45,,5,,,2,,34,3,231,49
20200506,LA,,,,,,,,,,,,,,2064,833,1184,,16,0,4,,16,8,36,1647,379
20200506,MA,72025,16925,5257,9363,1152,,,,2592,36804,9363,25926,36804,4420,1688,243,238,79,,,,132,2042,238,2142,2042
20200506,MD,28163,6280,9648,5394,580,,,,986,5275,5394,17494,5275,1338,562,542,91,48,,,,17,78,91,1169,78
20200506,ME,1254,829,73,,20,2,,2,26,302,32,781,441,,,,,,,,,,,,,
20200506,MI,45054,15318,14417,,901,225,,3153,1802,9010,2252,27482,15318,4270,2040,1742,,42,21,,85,85,255,85,3357,807
20200506,MN,8579,3174,1372,,343,85,42,171,772,2745,1201,4203,3174,485,334,24,,4,4,0,4,2,106,9,344,126
20200506,MO,9102,3731,2821,,,,,273,364,1911,546,5825,2730,396,162,122,,,,,11,15,83,15,297,83
20200506,MP,,,,,,,,,,,,,,,,,,,,,,,,,,
20200506,MS,8424,2290,3878,427,,,,,262,1567,,,,374,129,170,5,,,,,6,64,,,
20200506,MT,456,421,2,,1,24,,,2,6,8,427,21,,12,,,,4,,,,,,,
20200506,NC,12758,4979,3451,,228,83,21,,725,3271,1840,6586,4332,477,273,158,,6,1,1,,15,23,17,387,73
20200506,ND,,,,,,,,,,,,,,,,,,,,,,,,,,
20200506,NE,,,,,,,,,,,,,,,,,,,,,,,,,,
20200506,NH,1938,1205,86,103,49,,,,82,413,,,,60,36,0,3,0,,,,1,20,,,
20200506,NJ,,,,,,,,,,,,,,8549,3420,1282,1125,347,,,,340,2035,1125,5389,2035
20200506,NM,4291,659,135,898,42,2394,,,,133,898,3230,133,,,,,,,,,,,,,
20200506,NV,,,,,,,,,,,,,,,,,,,,,,,,,,
20200506,NY,,,,,,,,,,,,,,20597,5200,3262,3595,815,,,,553,7170,3595,5668,5044
20200506,OH,21576,11143,5543,,349,17,32,749,1218,2525,1046,13850,6680,1225,906,192,,7,,,19,11,90,17,1065,143
20200506,OK,4201,2994,271,,91,291,,,160,394,541,3096,562,253,193,21,,2,19,,,7,11,5,221,26
20200506,OR,2742,1456,69,,100,45,27,58,700,287,797,1641,304,109,81,5,,6,2,1,1,6,7,7,88,14
20200506,PA,51845,11937,5700,,613,,,,254,33341,,,,3106,1147,317,,34,,,,10,1598,,,
20200506,PR,,,,,,,,,,,,,,,,,,,,,,,,,,
20200506,RI,9652,3764,1254,4246,,,,0,386,2,4246,5404,2,341,269,20,44,,,,0,6,2,44,295,2
20200506,SC,6936,2752,2752,0,62,,,,250,1120,418,4717,1801,305,129,126,,0,,,,8,42,,,
20200506,SD,2779,932,511,504,309,157,,,366,,504,2275,,,,,,,,,,,,,,
20200506,TN,13938,5575,2854,,320,,,,937,4252,1369,7386,5183,239,145,72,,6,,,,5,11,8,218,13
20200506,TX,34422,3462,1885,4695,461,,,,85,23834,4695,7618,23834,948,164,60,98,6,,,,1,619,98,345,619
20200506,UT,5595,2299,141,,131,150,143,,582,616,2069,2910,616,,,,,,,,,,,,,
20200506,VA,20256,6934,3593,,,,,,3544,6185,4963,8007,7286,713,377,164,,,,,,69,103,40,497,176
20200506,VI,,,,,,,,,,,,,,,,,,,,,,,,,,
20200506,VT,908,794,19,,10,1,,,18,66,20,759,129,52,45,,,2,,,,5,0,1,48,3
20200506,WA,15905,4773,730,3179,951,157,200,1,195,5719,3179,7007,5719,870,587,26,65,76,7,4,10,16,79,65,726,79
20200506,WI,8901,4751,1903,,319,90,,,867,971,2539,5311,1051,362,235,109,,6,4,,,3,5,30,323,9
20200506,WV,1276,1041,93,,,,,,137,5,,,,,,,,,,,,,,,,
20200506,WY,436,244,8,,4,128,,,14,38,63,398,38,,,,,,,,,,,,,
20200503,AK,368,216,8,,44,22,10,11,9,48,30,265,73,,,,,,,,,,,,,
20200503,AL,7888,3518,3002,,56,,,,241,1068,459,5871,1557,290,145,129,,2,,,,2,8,8,254,28
20200503,AR,3431,1762,1139,,41,9,37,15,108,320,,,,76,44,25,,1,0,0,,2,4,,,
20200503,AS,,,,,,,,,,,,,,,,,,,,,,,,,,
20200503,AZ,8640,2243,278,1407,96,1056,,,172,3388,1407,3845,3388,362,167,12,54,4,70,,,8,47,54,261,47
20200503,CA,53616,9449,2289,17127,4244,70,412,309,2151,17565,17127,18924,17565,2138,721,214,704,345,7,20,8,35,84,704,1434,
20200503,CO,16653,8129,1260,6278,434,83,89,223,154,,6278,33948,,842,588,53,150,30,2,5,8,3,,150,1221,
20200503,CT,29287,9370,3435,4597,421,,,,215,11249,4597,13441,11249,2495,1797,371,218,22,,,,24,63,218,2214,63
20200503,DC,5016,789,2341,,72,13,10,990,,801,954,2854,1189,251,27,198,19,5,,,,2,0,19,232,0
20200503,DE,5208,1349,1455,1148,1,,,295,,883,1148,3177,883,177,102,46,7,1,,,3,,18,7,152,18
20200503,FL,35158,18070,6584,,,,,,3002,7502,10639,16045,8474,,,,,,,,,,,,,
20200503,GA,28661,8491,10327,,409,37,12,,1476,7909,2662,15229,10770,1181,500,610,,22,2,0,,20,27,37,1088,56
20200503,GU,,,,,,,,,,,,,,,,,,,,,,,,,,
20200503,HI,656,178,5,,189,,80,149,11,44,,,,,,,,,,,,,,,,
20200503,IA,9175,4813,1182,,,,788,,174,2218,2044,5033,2081,,,,,,,,,,,,,
20200503,ID,,,,,,,,,,,,,,64,60,1,,2,,,,,1,5,58,1
20200503,IL,61499,13566,12240,14502,2001,82,67,,2524,16517,14502,30480,16517,2618,1096,904,379,111,3,3,,30,30,379,2147,92
20200503,IN,19933,9149,2970,,298,,,,2950,4564,1853,7614,10464,1132,724,191,,4,,,,127,84,15,630,485
20200503,KS,5030,2984,535,,224,17,,,138,1132,1803,2115,1112,134,84,41,,0,1,,,0,8,5,113,16
20200503,KY,5130,2984,532,,3,0,0,2,,1609,421,3378,1331,253,173,40,,4,,,2,,34,2,204,47
20200503,LA,,,,,,,,,,,,,,1670,638,973,,13,0,4,,14,24,27,1269,372
20200503,MA,68087,15455,4902,8442,1021,,,,2383,35881,8442,23761,35881,4004,1477,216,216,72,,,,116,1905,216,1881,1905
20200503,MD,25462,5698,8871,4625,530,,,,989,4749,4625,16088,4749,1182,486,500,78,39,,,,18,61,78,1043,61
20200503,ME,1185,731,41,,13,1,,2,18,379,23,665,497,,,,,,,,,,,,,
20200503,MI,43754,14438,14001,,875,218,,3062,1750,9188,1750,26252,15751,4065,1943,1660,,40,20,,80,80,242,80,3158,809
20200503,MN,6663,2731,999,,266,66,33,133,666,1865,932,3531,2198,419,289,16,,4,4,0,4,2,96,8,289,117
20200503,MO,8386,3438,2515,,,,,251,251,1928,503,5199,2683,352,144,105,,,,,10,10,80,17,249,84
20200503,MP,,,,,,,,,,,,,,,,,,,,,,,,,,
20200503,MS,7550,2504,3951,,,,,,802,293,,,,303,130,171,,,,,,2,0,,,
20200503,MT,455,422,2,,1,23,,,2,5,8,427,20,,,,,,,,,,,,,
20200503,NC,11664,4526,3221,,208,62,22,,613,3012,1486,6149,4029,422,244,135,,5,1,1,,11,25,11,346,65
20200503,ND,,,,,,,,,,,,,,,,,,,,,,,,,,
20200503,NE,,,,,,,,,,,,,,,,,,,,,,,,,,
20200503,NH,1938,1205,86,103,49,,,,82,413,,,,60,36,0,3,0,,,,1,20,,,
20200503,NJ,,,,,,,,,,,,,,7871,3420,1282,1125,347,,,,340,1357,1125,5389,1357
20200503,NM,3850,608,106,762,51,2056,,,,235,762,2821,235,,,,,,,,,,,,,
20200503,NV,,,,,,,,,,,,,,,,,,,,,,,,,,
20200503,NY,,,,,,,,,,,,,,19189,4974,3116,3443,784,,,,526,6346,,,
20200503,OH,19914,10337,5083,,302,21,17,705,1118,2331,886,12720,6308,1038,764,172,,3,,,16,7,76,15,909,114
20200503,OK,3972,2780,247,,84,275,,148,,438,,,,238,183,21,,2,18,,6,,8,,,
20200503,OR,2345,1280,58,,80,29,26,51,556,265,638,1424,283,,,,,,,,,,,,,
20200503,PA,49267,10889,5280,,556,,,,236,32306,,,,2444,908,242,,28,,,,8,1258,,,
20200503,PR,,,,,,,,,,,,,,,,,,,,,,,,,,
20200503,RI,9477,3696,1232,4169,,,,0,379,1,4169,5307,1,320,252,16,41,,,,0,9,2,41,277,2
20200503,SC,6626,2576,2519,0,57,,,,171,1303,325,4334,1967,275,133,103,,2,,,,2,35,,,
20200503,SD,2631,863,499,472,303,139,,,355,,472,2159,,,,,,,,,,,,,,
20200503,TN,13177,5227,2630,,295,,,,840,4185,1184,6917,5076,210,132,65,,6,,,,5,2,7,200,3
20200503,TX,31548,2812,1544,3530,408,,,,66,23188,3530,6315,23188,867,148,54,86,7,,,,1,571,86,319,571
20200503,UT,5175,2187,129,,127,119,129,,535,535,1901,2739,535,,,,,,,,,,,,,
20200503,VA,18671,6380,3329,,,,,,3178,5784,4369,7429,6873,660,350,154,,,,,,69,87,39,462,159
20200503,VI,,,,,,,,,,,,,,,,,,,,,,,,,,
20200503,VT,897,786,18,,10,1,,,17,65,19,747,131,52,46,,,2,,,,4,0,1,48,3
20200503,WA,15185,4642,706,2996,924,151,186,1,191,5388,2996,6801,5388,834,561,24,59,74,7,4,10,16,79,59,696,79
20200503,WI,7964,4155,1754,,271,76,,,739,969,2114,4814,1036,339,212,106,,6,4,,,2,9,22,299,18
20200503,WV,1195,965,90,,,,,,137,3,,,,,,,,,,,,,,,,
20200503,WY,395,240,4,,4,94,,,16,37,62,358,37,,,,,,,,,,,,,
20200429,AK,355,206,7,,43,19,8,10,9,53,25,232,,,,,,,,,,,,,,
20200429,AL,6925,3186,2646,,52,,,,196,843,378,5310,1236,262,131,115,,2,,,,2,11,7,229,25
20200429,AR,3192,1591,1026,125,40,,,13,77,406,,,,59,36,20,,,,1,,1,1,,,
20200429,AS,,,,,,,,,,,,,,,,,,,,,,,,,,
20200429,AZ,7202,2046,240,1207,91,931,,,120,2567,1207,3428,2567,304,148,10,39,4,56,,,4,43,39,222,43
20200429,CA,46500,8339,1977,13608,3721,71,71,249,2033,16117,13608,16775,16117,1809,613,186,589,292,7,17,5,33,67,589,1153,67
20200429,CO,14758,7460,1131,,395,78,78,203,134,4,5275,9479,4,766,537,51,,28,1,5,8,3,3,130,633,3
20200429,CT,26767,8504,3105,4108,390,,,,198,10462,4108,12197,10462,2168,1554,328,189,19,,,,20,58,189,1921,58
20200429,DC,4106,703,2037,,64,11,11,770,,513,797,2490,819,205,22,163,14,4,,,,2,0,14,191,0
20200429,DE,4655,1184,1292,936,1,,,237,,943,936,2776,943,144,81,36,5,1,,,3,,18,5,121,18
20200429,FL,32318,16146,5745,,,,,,2678,7749,9325,14305,8688,,,,,,,,,,,,,
20200429,GA,33143,7439,9360,,367,34,10,10,1151,10177,2093,13551,17499,1100,465,565,,20,1,0,0,15,34,36,1010,54
20200429,GU,,,,,,,,,,,,,,,,,,,,,,,,,,
20200429,HI,601,156,5,,162,,59,140,10,60,,,,,,,,,,,,,,,,
20200429,IA,6843,3838,910,,,,561,,109,1423,1532,3968,1341,,,,,,,,,,,,,
20200429,ID,0,,,,,,,,,,,,,60,57,1,,,,2,,,0,4,56,0
20200429,IL,50355,11676,10850,10846,1718,70,62,,2031,13102,10846,26407,13102,2215,912,796,297,91,2,2,,24,24,297,1827,91
20200429,IN,17182,8127,2680,1580,274,,,,2577,4521,1580,6597,,964,,,,,,,,,,,,
20200429,KS,3738,2325,433,,114,14,,,101,751,1318,1731,689,125,76,39,,0,1,,,0,9,4,105,16
20200429,KY,4539,2661,487,,3,0,0,2,,1386,313,3071,1155,235,160,36,,3,,,1,,35,2,188,45
20200429,LA,,,,,,,,,,,,,,1670,638,973,27,13,0,4,,14,24,27,1269,372
20200429,MA,60265,13378,4218,7111,903,,,,2049,32606,7111,20548,32606,3405,1171,180,187,64,,,,91,1712,187,1506,1712
20200429,MD,20849,4808,7615,3473,434,,,,747,3772,3473,13604,3772,985,390,404,64,36,,,,17,74,64,847,74
20200429,ME,1069,731,41,,13,1,13,2,18,250,23,665,368,,,,,,,,,,,,,
20200429,MI,40191,12927,12927,1211,807,201,,2827,1615,8887,1211,23835,14947,3649,1651,1468,36,36,18,,73,73,330,36,2715,917
20200429,MN,4710,2136,603,603,185,46,23,92,464,1161,603,2739,1300,322,216,15,9,3,6,0,3,3,76,9,220,89
20200429,MO,7422,3044,2301,,,,,222,148,1707,371,4677,2376,318,130,98,,,,,9,6,73,0,15,101
20200429,MP,,,,,,,,,,,,,,,,,,,,,,,,,,
20200429,MS,6569,2202,3433,,,,,,638,296,,,,250,103,145,,,,,,2,0,,,
20200429,MT,451,418,2,,1,23,,,2,5,8,419,24,,,,,,,,,,,,,
20200429,NC,9948,3816,2827,,146,49,17,,477,2616,1066,5391,3491,354,203,117,,3,1,1,,8,21,7,292,55
20200429,ND,,,,,,,,,,,,,,,,,,,,,,,,,,
20200429,NE,,,,,,,,,,,,,,,,,,,,,,,,,,
20200429,NH,1938,1205,86,103,49,,,,82,413,,,,60,36,0,3,0,,,,1,20,,,
20200429,NJ,,,,,,,,,,,,,,6770,1879,838,656,205,,,,233,2959,656,3155,2959
20200429,NM,3213,518,88,657,39,1696,,,,215,657,2341,215,,,,,,,,,,,,,
20200429,NV,,,,,,,,,,,,,,,,,,,,,,,,,,
20200429,NY,,,,,,,,,,,,,,18015,4632,2936,3221,726,,,,496,6004,,,
20200429,OH,17303,8931,4221,,249,14,14,804,1099,1971,632,11061,5610,937,682,152,,3,,,17,6,77,11,794,132
20200429,OK,3473,2438,212,,70,246,,125,,382,,,,214,162,20,,2,17,,5,,8,,,
20200429,OR,2345,1280,58,,80,29,26,51,556,265,638,1424,283,,,,,,,,,,,,,
20200429,PA,44366,9327,4538,,466,,,,204,29831,,,,2195,791,218,,26,,,,7,1153,,,
20200429,PR,,,,,,,,,,,,,,,,,,,,,,,,,,
20200429,RI,8247,3216,1072,3546,,,,0,329,84,3546,4617,84,251,200,15,30,,,,0,0,6,30,215,6
20200429,SC,5881,2317,2214,309,,103,,,154,784,290,3874,1717,232,99,78,,,,1,,1,53,,,
20200429,SD,,,,,,,,,,,,,,,,,,,,,,,,,,
20200429,TN,10436,4427,2154,,239,,,,688,2928,899,6153,3314,195,120,57,,5,,,,5,8,5,180,10
20200429,TX,27054,1766,932,1551,212,,,,43,22550,1551,2953,22550,732,122,46,59,4,,,,,231,59,172,501
20200429,UT,4901,1990,102,1624,118,60,99,,459,449,1624,1990,881,,,,,,,,,,,,,
20200429,VA,14328,5104,2733,,,,,,2373,4118,,,,513,271,134,,,,,,49,59,,,
20200429,VI,,,,,,,,,,,,,,,,,,,,,,,,,,
20200429,VT,862,743,15,17,10,1,,,16,77,17,676,169,47,42,,,2,,,,3,0,,46,1
20200429,WA,14070,4446,653,2764,896,119,165,1,184,4842,2764,6464,4842,801,531,23,52,69,7,4,9,16,90,52,659,90
20200429,WI,6520,3449,1517,,205,61,,,470,818,1602,4047,871,308,187,101,,5,4,,,3,8,17,277,14
20200429,WV,1109,904,86,,,,,,116,3,,,,,,,,,,,,,,,,
20200429,WY,404,233,4,58,4,71,,,14,20,58,326,20,,,,,,,,,,,,,
20200426,AK,341,190,7,,41,18,6,0,9,70,25,232,,9,4,0,,2,2,1,0,0,0,0,9,0
20200426,AL,6421,2947,2411,,50,,,,163,846,340,4883,1196,219,113,98,,3,,,,1,3,6,197,15
20200426,AR,2941,1340,808,107,27,,,12,78,645,,,,49,29,16,,,,0,,0,4,,,
20200426,AS,,,,,,,,,,,,,,,,,,,,,,,,,,
20200426,AZ,6526,1954,223,1119,83,844,,,115,2188,1119,3219,2188,275,134,9,37,4,55,,,3,33,37,205,33
20200426,CA,42164,7739,1839,12092,3438,58,58,225,1824,14590,12092,15482,14590,1647,536,170,502,266,7,17,4,40,105,502,1040,105
20200426,CO,13441,6973,1010,,360,65,72,209,125,4,4623,8814,4,680,477,44,,21,1,5,8,1,3,120,557,3
20200426,CT,22469,7759,2819,3699,350,,,,179,10463,3699,11107,10463,1544,1370,294,173,17,,,,20,50,173,1701,50
20200426,DC,3841,665,1891,,63,11,11,652,,527,708,2320,813,178,20,142,11,4,,,,1,0,11,167,0
20200426,DE,4034,1003,1106,714,0,,,187,,974,714,2346,974,120,69,29,5,0,,,3,,14,5,115,
20200426,FL,30680,15111,5228,,,,,,2535,7806,8676,13274,8730,,,,,,,,,,,,,
20200426,GA,23481,6280,8181,,308,23,4,4,941,7744,1700,11570,10211,916,383,478,,14,1,1,0,11,29,32,839,45
20200426,GU,,,,,,,,,,,,,,,,,,,,,,,,,,
20200426,HI,601,156,5,,162,,59,140,10,60,,,,,,,,,,,,,,,,
20200426,IA,5475,3191,717,,432,,,,87,1040,1242,3356,876,,,,,,,,,,,,,
20200426,ID,58,41,1,,,,2,,,14,2,44,10,,,,,,,,,,,,,
20200426,IL,43903,10427,9918,8743,1523,65,52,,1834,11341,8743,23819,11341,1933,794,712,245,76,2,2,,19,19,245,1605,83
20200426,IN,15012,7010,2356,1125,165,,,,2056,4356,1125,5734,,813,,,,,,,,,,,,
20200426,KS,3174,1986,386,,78,12,,,91,621,1038,1555,581,118,71,35,,0,1,,,0,11,3,97,18
20200426,KY,4074,2407,431,,1,2,1,2,,1230,257,2805,1012,207,143,29,,3,,,,,32,2,167,39
20200426,LA,,,,,,,,,,,,,,1473,505,828,20,12,0,1,,10,115,20,1103,349
20200426,MA,54938,11646,3735,5933,769,,,,1812,31043,5933,17962,31043,2899,965,144,162,57,,,,72,1499,162,1238,1499
20200426,MD,18581,4276,6742,2841,363,,,,707,3652,2841,12088,3652,827,301,305,46,30,,,,11,134,46,647,134
20200426,ME,,,,,,,,,,,,,,,,,,,,,,,,,,
20200426,MI,37585,12088,12088,1133,755,188,,2644,1511,8311,1133,21911,14733,3329,1458,1359,33,33,16,,66,66,331,33,2453,828
20200426,MN,3655,1909,504,396,144,36,18,,324,720,396,2377,792,273,187,13,5,1,5,0,,2,65,5,187,78
20200426,MO,6994,2798,2099,,,,,209,139,1749,349,4268,2378,274,109,82,,,,,8,5,68,0,13,93
20200426,MP,,,,,,,,,,,,,,,,,,,,,,,,,,
20200426,MS,5911,1984,3095,,,,,,566,266,,,,227,88,138,,,,,,1,0,,,
20200426,MT,448,389,2,,1,21,,,2,33,8,409,31,,,,,,,,,,,,,
20200426,NC,8830,3485,2575,,114,41,15,,366,2234,827,4950,3053,299,170,99,,2,1,1,,7,19,6,249,44
20200426,ND,,,,,,,,,,,,,,,,,,,,,,,,,,
20200426,NE,,,,,,,,,,,,,,,,,,,,,,,,,,
20200426,NH,1447,937,63,70,37,,,,51,289,,,,,,,,,,,,,,,,
20200426,NJ,,,,,,,,,,,,,,5938,1879,838,656,205,,,,233,2127,656,3155,2127
20200426,NM,2704,502,64,595,38,1288,,,,217,595,1892,217,,,,,,,,,,,,,
20200426,NV,,,,,,,,,,,,,,,,,,,,,,,,,,
20200426,NY,,,,,,,,,,,,,,3961,2382,709,534,163,,,,173,,534,3427,
20200426,OH,15963,7976,3716,,216,11,10,972,1278,1784,512,10066,5385,728,520,109,,2,,,19,9,69,11,593,124
20200426,OK,3253,2295,195,,66,241,,112,,344,,,,195,149,16,,1,17,,5,,7,,,
20200426,OR,1928,1065,47,509,64,17,22,44,425,244,509,1151,268,,,,,,,,,,,,,
20200426,PA,41165,8292,4027,,420,,,,176,28250,,,,1550,570,168,,21,,,,4,787,,,
20200426,PR,,,,,,,,,,,,,,,,,,,,,,,,,,
20200426,RI,7439,2901,967,3273,,,,0,297,1,3273,4165,1,226,178,15,27,,,,0,0,6,27,193,6
20200426,SC,5490,2106,1968,228,,91,,,137,960,216,3456,1818,174,82,62,,,,,,2,28,,,
20200426,SD,,,,,,,,,,,,,,,,,,,,,,,,,,
20200426,TN,9667,4028,1930,,193,,,,588,2928,731,5513,3423,181,111,57,,4,,,,3,6,5,169,7
20200426,TX,24631,1145,415,900,118,,,,22,22031,900,1700,22031,648,106,35,51,3,,,,,195,51,144,453
20200426,UT,4123,1892,81,1448,112,47,85,,407,51,1448,1892,783,,,,,,,,,,,,,
20200426,VA,12970,4412,2428,,,,,,1923,4207,,,,448,233,117,,,,,,43,55,,,
20200426,VI,,,,,,,,,,,,,,,,,,,,,,,,,,
20200426,VT,851,773,15,17,10,1,,,16,36,17,668,166,46,41,,,2,,,,3,0,,45,1
20200426,WA,13521,4132,555,2379,804,111,130,1,163,5246,2379,5896,5246,749,492,19,50,67,7,4,9,13,88,50,611,88
20200426,WI,5911,3083,1414,,174,56,,,403,781,1338,3734,839,272,165,94,,5,3,,,1,4,16,248,8
20200426,WV,1053,839,85,,,,,,127,2,,,,,,,,,,,,,,,,
20200426,WY,370,217,4,54,5,64,,,12,14,54,302,14,,,,,,,,,,,,,
20200422,AK,335,184,7,,37,18,6,10,7,66,22,218,,9,2,0,,2,2,1,0,0,2,0,6,3
20200422,AL,4903,2296,1842,,42,,,,110,613,194,3820,889,160,79,75,,2,,,,0,4,4,144,12
20200422,AR,2276,1179,654,,25,,,10,70,324,86,1952,238,42,25,14,,,,,,,3,,,
20200422,AS,,,,,,,,,,,,,,,,,,,,,,,,,,
20200422,AZ,5459,1822,200,946,77,744,,,86,1584,946,2929,1584,229,110,8,34,3,48,,,2,24,34,171,24
20200422,CA,35396,6982,1630,9701,3020,50,50,189,1735,11753,9701,13942,11753,1293,417,138,364,206,4,14,3,24,123,364,806,123
20200422,CO,10878,5858,821,,301,55,64,177,118,,,,,508,353,37,,16,1,5,4,2,,,,
20200422,CT,22469,6706,2368,3145,299,,,,141,9810,3145,9514,9810,1544,1096,230,139,15,,,,13,51,139,1354,51
20200422,DC,3206,587,1595,,57,11,11,481,,468,589,2002,615,127,14,102,8,3,,,,0,0,8,119,0
20200422,DE,,,,,,,,,,,,,,19,16,,,,,,,3,,,,
20200422,FL,27791,13646,4551,,,,,,2347,7247,7781,11915,8095,,,,,,,,,,,,,
20200422,GA,21102,4908,6445,,246,17,10,13,0,9463,1305,9332,10465,846,335,442,,10,1,1,0,10,48,27,749,70
20200422,GU,,,,,,,,,,,,,,,,,,,,,,,,,,
20200422,HI,547,135,4,,139,,58,99,9,103,,,,,,,,,,,,,,,,
20200422,IA,3748,2290,517,,232,,,,52,657,779,2432,537,,,,,,,,,,,,,
20200422,ID,56,41,1,,,,2,,,12,2,44,8,,,,,,,,,,,,,
20200422,IL,35108,8573,8504,6195,1244,50,45,,1447,9050,6195,19863,9050,1565,621,596,181,62,1,3,,21,21,181,1304,80
20200422,IN,12438,6144,2102,646,99,,,,1641,3447,646,4788,,661,,,,,,,,,,,,
20200422,KS,2211,1366,343,,37,11,,,50,404,494,1307,410,110,65,35,,0,1,,,0,9,3,92,15
20200422,KY,3373,2186,379,,1,0,,1,,806,216,2481,676,175,125,27,,2,,,,,21,1,153,31
20200422,LA,,,,,,,,,,,,,,1473,505,828,20,12,0,1,,10,115,20,1103,349
20200422,MA,42944,9232,3006,4595,601,,,,1503,24005,4595,14342,24005,2182,704,106,106,41,,,,50,1171,106,901,1171
20200422,MD,14775,3476,5540,2033,304,,,,571,2851,2033,9891,2851,631,234,289,69,21,,,,10,8,69,554,8
20200422,ME,,,,,,,,,,,,,,,,,,,,,,,,,,
20200422,MI,34980,10529,11208,1018,679,339,,2377,1358,7472,1018,19700,13246,2813,1237,1125,28,28,,,56,56,309,28,2025,759
20200422,MN,2758,1659,353,,108,27,13,,163,435,217,2013,489,182,134,10,5,1,3,0,,1,28,5,136,37
20200422,MO,6135,2393,1841,,,,,184,122,1595,245,3804,2086,208,81,62,,,,,6,4,54,0,8,70
20200422,MP,,,,,,,,,,,,,,,,,,,,,,,,,,
20200422,MS,4894,1663,2582,,,,,,420,229,,,,193,71,120,,,,,,2,0,,,
20200422,MT,439,370,2,,1,20,,,2,44,,,,,,,,,,,,,,,,
20200422,NC,7220,2898,2146,,98,31,14,,261,1772,542,4141,2537,242,133,86,,1,0,0,,5,17,5,194,43
20200422,ND,,,,,,,,,,,,,,,,,,,,,,,,,,
20200422,NE,,,,,,,,,,,,,,,,,,,,,,,,,,
20200422,NH,1447,937,63,70,37,,,,51,289,,,,,,,,,,,,,,,,
20200422,NJ,,,,,,,,,,,,,,5063,1879,838,656,205,,,,233,1252,656,3155,1252
20200422,NM,2189,426,50,493,33,971,,,,216,493,1480,216,,,,,,,,,,,,,
20200422,NV,,,,,,,,,,,,,,,,,,,,,,,,,,
20200422,NY,,,,,,,,,,,,,,3430,2065,615,464,141,,,,145,,464,2966,
20200422,OH,14117,6915,3112,,186,10,5,1039,1400,1450,396,8816,4905,610,439,95,,1,,,16,7,52,10,500,100
20200422,OK,2894,2057,155,,60,213,,94,,315,,,,170,132,11,,1,15,,5,,6,,,
20200422,OR,1928,1065,47,509,64,17,22,44,425,244,509,1151,268,,,,,,,,,,,,,
20200422,PA,35684,6639,3289,,339,,,,128,25289,,,,1622,602,211,,22,,,,1,786,,,
20200422,PR,,,,,,,,,,,,,,,,,,,,,,,,,,
20200422,RI,5841,2394,700,2453,,,,0,233,61,2453,3327,61,181,135,10,18,,,,0,0,18,18,145,18
20200422,SC,3895,1558,1402,194,,77,,,662,868,,,,127,72,53,,,2,,,,15,,,
20200422,SD,,,,,,,,,,,,,,,,,,,,,,,,,,
20200422,TN,7842,3637,1620,,168,,,,489,1928,580,4874,2388,166,96,56,,4,,,,2,8,7,150,9
20200422,TX,21069,7563,340,775,115,,,,22,12254,775,8040,12254,543,80,26,37,2,,,,,145,37,108,398
20200422,UT,3729,1687,62,1134,100,35,67,,327,317,1134,1687,624,,,,,,,,,,,,,
20200422,VA,10266,3540,1900,,,,,,1411,3415,,,,,,,,,,,,,,,,
20200422,VI,,,,,,,,,,,,,,,,,,,,,,,,,,
20200422,VT,823,715,15,17,10,1,,,13,69,17,648,158,40,35,,,2,,,,1,2,,37,3
20200422,WA,12494,3986,528,2203,758,103,113,1,153,4649,,,,692,460,17,48,64,7,4,7,13,72,,,
20200422,WI,4845,2526,1198,,135,44,,,212,730,842,3226,777,246,151,82,,5,3,,,0,5,15,225,6
20200422,WV,963,743,79,,,,,,135,6,,,,,,,,,,,,,,,,
20200422,WY,326,210,3,47,3,40,,,10,13,,,,,,,,,,,,,,,,
20200419,AK,319,167,7,,33,14,4,10,5,79,21,195,,9,2,0,,2,2,1,0,0,2,0,5,4
20200419,AL,4903,2300,1831,,45,,,,102,625,167,3836,900,160,66,85,,5,,,,,4,5,138,17
20200419,AR,1739,1049,511,,23,,,7,54,86,,,,39,23,14,,,,,,,2,,,
20200419,AS,,,,,,,,,,,,,,,,,,,,,,,,,,
20200419,AZ,4929,947,96,478,76,337,,,45,2950,478,1501,2950,184,73,6,32,3,18,,,,52,32,100,52
20200419,CA,28963,5821,1358,7567,2522,38,38,388,1552,9329,7567,12067,9329,1072,347,115,298,154,4,9,9,9,127,298,647,127
20200419,CO,9730,5381,707,,248,49,53,155,102,3,,,,422,294,36,,13,1,4,3,0,2,,,
20200419,CT,17962,4876,1782,2286,214,,,,120,8684,,,,1127,766,171,100,14,,,,11,65,,,
20200419,DC,2793,548,1403,,51,12,12,390,,383,,,,96,11,75,8,2,,,,0,,,,
20200419,DE,,,,,,,,,,,,,,,16,,,,,,,3,,,,
20200419,FL,,,,,,,,,,,,,,,,,,,,,,,,,,
20200419,GA,18489,3637,4916,,178,17,10,13,120,9598,871,7351,10267,689,263,364,,9,1,1,0,10,41,24,603,62
20200419,GU,,,,,,,,,,,,,,,,,,,,,,,,,,
20200419,HI,,,,,,,,,,,,,,,,,,,,,,,,,,
20200419,IA,2902,1912,293,,136,,,,40,521,560,1918,424,,,,,,,,,,,,,
20200419,ID,,,,,,,,,,,,,,,,,,,,,,,,,,
20200419,IL,30357,7554,7498,4913,1085,46,39,,1324,7898,4913,17546,7898,1791,501,502,134,51,512,2,,15,15,134,1583,74
20200419,IN,11210,5605,1961,470,89,,,,1446,3085,470,4327,,,,,,,,,,,,,,
20200419,KS,1849,1141,314,,27,9,,,42,316,334,1154,361,92,53,27,,0,1,,,0,11,2,74,16
20200419,KY,2960,2300,389,,111,1,,159,,,219,2741,,148,115,32,,1,,,,,,1,79,
20200419,LA,,,,,,,,,,,,,,1277,383,751,13,10,0,1,,8,111,13,928,324
20200419,MA,38077,7640,2524,3818,538,,,,1239,22318,3818,11941,22318,1706,520,78,81,30,,,,41,956,81,669,956
20200419,MD,12830,3037,4855,1639,276,,,,505,2518,1639,8673,2518,486,159,196,21,15,,,,14,81,21,384,81
20200419,ME,,,,,,,,,,,,,,,,,,,,,,,,,,
20200419,MI,31892,9427,10369,628,628,157,,1885,942,7856,628,17597,13198,2387,1028,956,23,23,,,47,47,263,23,1697,669
20200419,MN,2387,1484,282,,117,23,11,,94,376,164,1767,447,133,100,5,2,0,1,0,,0,25,2,96,34
20200419,MO,5665,2153,1643,,,,,170,113,1586,226,3400,2040,174,66,51,,,,,5,3,49,0,7,63
20200419,MP,,,,,,,,,,,,,,,,,,,,,,,,,,
20200419,MS,4274,1407,2203,,,,,,337,327,,,,159,57,100,,,,,,1,1,,,
20200419,MT,433,354,2,,1,20,,,2,54,,,,,,,,,,,,,,,,
20200419,NC,6493,2664,1921,,93,24,12,,206,1573,427,3700,2366,172,96,62,,1,0,0,,4,9,4,139,29
20200419,ND,,,,,,,,,,,,,,,,,,,,,,,,,,
20200419,NE,,,,,,,,,,,,,,,,,,,,,,,,,,
20200419,NH,,,,,,,,,,,,,,,,,,,,,,,,,,
20200419,NJ,,,,,,,,,,,,,,4190,2138,924,701,226,,,,201,,,,
20200419,NM,1825,376,47,443,29,704,,,,226,,,,,,,,,,,,,,,,
20200419,NV,,,,,,,,,,,,,,,,,,,,,,,,,,
20200419,NY,,,,,,,,,,,,,,10578,2824,1862,2091,457,,,,304,3040,,,
20200419,OH,11602,5758,2415,,167,6,5,731,1086,1434,319,7281,4002,471,327,68,,1,,,14,7,54,10,365,96
20200419,OK,,,,,,,,,,,,,,,,,,,,,,,,,,
20200419,OR,1914,766,31,340,48,9,13,27,288,392,340,780,454,,,,,,,,,,,,,
20200419,PA,,,,,,,,,,,,,,,,,,,,,,,,,,
20200419,PR,,,,,,,,,,,,,,,,,,,,,,,,,,
20200419,RI,,,,,,,,,,,,,,,,,,,,,,,,,,
20200419,SC,3519,1759,1442,,,70,,,105,143,,,,106,60,44,,,2,,,,,,,
20200419,SD,,,,,,,,,,,,,,,,,,,,,,,,,,
20200419,TN,7070,3347,1470,,130,,,,418,1705,441,4456,2173,148,88,47,,3,,,,2,8,6,133,9
20200419,TX,2574,944,296,663,110,,,,18,543,,,,189,69,18,30,1,,,,,71,,,
20200419,UT,,,,,,,,,,,,,,,,,,,,,,,,,,
20200419,VA,8537,2830,1578,,,,,,1059,3070,,,,,,,,,,,,,,,,
20200419,VI,,,,,,,,,,,,,,,,,,,,,,,,,,
20200419,VT,,,,,,,,,,,,,,,,,,,,,,,,,,
20200419,WA,11790,3703,464,1835,691,97,95,1,129,4775,,,,634,414,16,38,59,7,3,7,12,78,,,
20200419,WI,4346,2214,1025,,116,37,,,145,809,628,2819,899,220,132,80,,5,2,,,0,1,11,207,2
20200419,WV,,,,,,,,,,,,,,,,,,,,,,,,,,
20200419,WY,,,,,,,,,,,,,,,,,,,,,,,,,,
20200415,AK,293,133,4,,25,13,3,6,3,106,15,154,124,9,2,0,,2,2,1,0,0,2,0,5,4
20200415,AL,4241,1996,1594,,41,,,,85,525,134,3328,779,82,34,43,,3,,,,,2,3,71,8
20200415,AR,1569,945,441,,21,4,5,5,45,103,,,,,,,,,,,,,,,,
20200415,AS,,,,,,,,,,,,,,,,,,,,,,,,,,
20200415,AZ,3962,785,81,366,,266,67,,34,2363,,,,142,55,5,15,,29,2,,,36,,,
20200415,CA,24424,4921,1111,5873,2063,31,317,317,1270,8521,,,,821,278,85,214,104,2,6,,13,119,,,
20200415,CO,8280,4738,582,2441,214,40,43,13,86,123,,,N/A,357,247,25,63,10,2,4,3,,3,,,
20200415,CT,13381,3419,1145,1447,144,,,,85,7141,,,,602,409,85,58,9,,,,9,32,,,
20200415,DC,2197,411,1009,,31,7,2,300,,437,324,1340,533,72,8,54,8,2,,,,,,,,
20200415,DE,,,,,,,,,,,,,,35,16,,,,,,,19,,,,
20200415,FL,,,,,,,,,,,,,,,,,,,,,,,,,,
20200415,GA,15828,2645,3780,568,131,12,10,0,98,8584,568,5630,9062,596,216,299,20,8,1,0,0,7,45,,,
20200415,GU,,,,,,,,,,,,,,,,,,,,,,,,,,
20200415,HI,,,,,,,,,,,,,,,,,,,,,,,,,,
20200415,IA,2337,1492,183,345,65,,,,29,223,345,1480,167,,,,,,,,,,,,,
20200415,ID,,,,,,,,,,,,,,,,,,,,,,,,,,
20200415,IL,24593,6127,6331,3357,847,34,33,,1117,6747,,,,948,355,397,89,33,1,2,,16,55,,,
20200415,IN,8953,4468,1576,,71,,,,1137,1701,322,3465,5167,439,280,91,5,2,,,,34,27,5,255,174
20200415,KS,,,,,,,,,,,,,,,,,,,,,,,,,,
20200415,KY,2291,1348,194,,43,1,,82,,623,,,,122,77,22,,1,,,,,22,,,
20200415,LA,,,,,,,,,,,,,,1103,333,653,,9,,1,,7,100,11,808,284
20200415,MA,29918,5437,1749,2537,397,,,,916,18882,2537,8499,18882,1108,306,40,50,16,,,,21,675,50,383,675
20200415,MD,10032,2425,3724,1075,230,,,,357,2221,1075,6736,2221,349,109,139,13,10,,,,7,71,13,265,71
20200415,ME,,,,,,,,,,,,,,,,,,,,,,,,,,
20200415,MI,28059,7856,9259,,,280,280,1402,841,8141,561,14871,12627,1921,768,768,,,,19,38,38,290,19,1306,596
20200415,MN,1815,1212,180,,72,18,8,,36,289,90,1392,325,86,73,1,,1,1,,,,10,2,73,11
20200415,MO,4895,1762,1419,,,,,146,97,1471,195,2839,1861,147,54,48,,,,,1,2,42,5,92,50
20200415,MP,,,,,,,,,,,,,,,,,,,,,,,,,,
20200415,MS,3360,1243,1881,,,,,,236,,,,,96,32,63,,,,,,,1,,,
20200415,MT,404,319,1,,1,14,,,1,68,,,,,,,,,,,,,,,,
20200415,NC,5123,2177,1507,,71,19,10,,148,1191,289,3007,1827,117,62,40,,1,,,,3,11,3,91,23